#              u               K              ΔK               V              ΔV           V_ext          ΔV_ext           V_int          ΔV_int               E              ΔE            E_mu           ΔE_mu             K/N            ΔK/N             V/N            ΔV/N             E/N            ΔE/N               N              ΔN             N^2            ΔN^2         density        Δdensity        diagonal       Δdiagonal
 -3.00000000E+01  2.67361087E+03  6.97455275E-01 -9.29975295E+03  3.29167915E-01 -8.40510310E+03  2.66920160E-01 -8.71126856E+02  1.82418861E-01 -6.62614208E+03  7.44191373E-01 -4.85597852E+03  7.41742629E-01  4.53113037E+01  1.18395062E-02 -1.57608554E+02  5.55831320E-03 -1.12297250E+02  1.24867612E-02  5.90054520E+01  5.17843798E-04  3.48164883E+03  6.16271260E-02  1.04289314E-02  9.15263759E-08  6.50822217E-01  3.16489826E-04
 -3.10000000E+01  2.88032217E+03  6.99941972E-01 -9.60336278E+03  3.57283160E-01 -8.67827584E+03  2.96517023E-01 -8.97399454E+02  1.89727023E-01 -6.72304061E+03  6.60426840E-01 -4.83192990E+03  6.60075951E-01  4.72156702E+01  1.14774069E-02 -1.57423079E+02  5.87022055E-03 -1.10207409E+02  1.08226974E-02  6.10035714E+01  4.54123000E-04  3.72143929E+03  5.58571290E-02  1.07820894E-02  8.02641794E-08  6.70686410E-01  2.84408553E-04
 -3.20000000E+01  2.77498486E+03  8.46937335E-01 -9.45330238E+03  3.65394370E-01 -8.54197640E+03  2.97669225E-01 -8.85777484E+02  2.00352178E-01 -6.67831752E+03  8.08977871E-01 -4.75828702E+03  8.08069067E-01  4.62490186E+01  1.41227426E-02 -1.57552569E+02  6.00385074E-03 -1.11303551E+02  1.34357843E-02  6.00009531E+01  2.19294611E-04  3.60011533E+03  2.65346479E-02  1.06048815E-02  3.87592744E-08  6.95632282E-01  2.57919930E-04
 -3.30000000E+01  2.67494436E+03  7.12697298E-01 -9.29996509E+03  3.42966205E-01 -8.40474193E+03  2.76579408E-01 -8.71715822E+02  1.86134945E-01 -6.62502073E+03  6.38187262E-01 -4.67801088E+03  6.38048600E-01  4.53378141E+01  1.20769555E-02 -1.57625740E+02  5.78613529E-03 -1.12287926E+02  1.08096388E-02  5.90002986E+01  9.27488284E-05  3.48103554E+03  1.10371106E-02  1.04280206E-02  1.63928837E-08  7.16897308E-01  2.70681390E-04
 -3.40000000E+01  2.67363570E+03  6.69026026E-01 -9.29942328E+03  3.12174179E-01 -8.40466533E+03  2.76057037E-01 -8.71187852E+02  1.78715397E-01 -6.62578758E+03  6.59990851E-01 -4.61978293E+03  6.60060898E-01  4.53157546E+01  1.13367252E-02 -1.57616983E+02  5.27049410E-03 -1.12301229E+02  1.11904731E-02  5.90001366E+01  5.72868549E-05  3.48101626E+03  6.81713573E-03  1.04279920E-02  1.01251565E-08  6.56469413E-01  2.89831564E-04
 -3.50000000E+01  2.67532773E+03  7.40773572E-01 -9.30060869E+03  3.30709627E-01 -8.40536573E+03  2.80123645E-01 -8.71870775E+02  1.67676249E-01 -6.62528096E+03  6.92569654E-01 -4.56027936E+03  6.92387239E-01  4.53445021E+01  1.25589467E-02 -1.57637314E+02  5.59212668E-03 -1.12292812E+02  1.17289956E-02  5.90000458E+01  4.68750000E-05  3.48100545E+03  5.57812500E-03  1.04279759E-02  8.28493590E-09  7.94300135E-01  2.33628514E-04
 -3.60000000E+01  2.57217039E+03  6.11103053E+00 -9.07770517E+03  1.05426443E+01 -8.24113512E+03  9.10960178E+00 -8.13864851E+02  1.33558016E+00 -6.50553478E+03  4.52948296E+00 -4.42292074E+03  2.24881150E+00  4.44585816E+01  5.79769944E-02 -1.56916651E+02  9.18475627E-03 -1.12458070E+02  5.19099653E-02  5.78503900E+01  6.49924123E-02  3.34692292E+03  7.41719725E+00  1.02247797E-02  1.14870986E-05  7.39099566E-01  6.60610984E-04
 -3.70000000E+01  2.58782313E+03  6.32170966E-01 -9.10295754E+03  3.47229468E-01 -8.26300314E+03  2.69153295E-01 -8.17119234E+02  1.80847018E-01 -6.51513441E+03  6.20553280E-01 -4.36913441E+03  6.20553280E-01  4.46176402E+01  1.08994994E-02 -1.56947544E+02  5.98671606E-03 -1.12329904E+02  1.06991944E-02  5.80000000E+01  0.00000000E+00  3.36400000E+03  0.00000000E+00  1.02512226E-02  1.20219796E-17  8.59406396E-01  1.97526753E-04
 -3.80000000E+01  2.49021467E+03  3.25424919E+00 -8.92791472E+03  4.39220166E+00 -8.11492012E+03  4.47174101E+00 -7.91499796E+02  2.48996303E-01 -6.43770004E+03  1.35283730E+00 -4.27380995E+03  7.05157912E-01  4.37297191E+01  3.27763136E-02 -1.56783241E+02  1.72243025E-02 -1.13053522E+02  4.78538721E-02  5.69444761E+01  3.36769758E-02  3.24272580E+03  3.80549827E+00  1.00646638E-02  5.95224585E-06  7.82717022E-01  4.41316441E-04
 -3.90000000E+01  2.67380746E+03  8.39964969E-01 -9.30083999E+03  4.18978968E-01 -8.40568512E+03  2.88484005E-01 -8.71710158E+02  2.25149867E-01 -6.62703254E+03  7.57314828E-01 -4.32603254E+03  7.57314828E-01  4.53187704E+01  1.42366943E-02 -1.57641356E+02  7.10133836E-03 -1.12322585E+02  1.28358455E-02  5.90000000E+01  0.00000000E+00  3.48100000E+03  0.00000000E+00  1.04279678E-02  1.11853916E-17  7.22257476E-01  2.53212522E-04
 -4.00000000E+01  2.88201587E+03  7.30268539E-01 -9.60399843E+03  4.94790254E-01 -8.67883488E+03  3.87012865E-01 -8.97575685E+02  2.10686766E-01 -6.72198256E+03  6.94108181E-01 -4.28204299E+03  6.85130544E-01  4.72473169E+01  1.18343432E-02 -1.57446487E+02  6.25889669E-03 -1.10199170E+02  1.11647161E-02  6.09984894E+01  1.51592029E-03  3.72081721E+03  1.83426355E-01  1.07811912E-02  2.67931644E-07  8.48127659E-01  3.52785256E-04
 -4.10000000E+01  2.48749698E+03  6.57668780E-01 -8.96039908E+03  3.48780804E-01 -8.12584495E+03  2.79683040E-01 -8.13933873E+02  1.68427729E-01 -6.47290209E+03  6.05276066E-01 -4.13590209E+03  6.05276066E-01  4.36402980E+01  1.15380486E-02 -1.57199984E+02  6.11896244E-03 -1.13559686E+02  1.06188788E-02  5.70000000E+01  0.00000000E+00  3.24900000E+03  0.00000000E+00  1.00744774E-02  4.10621553E-18  7.25329774E-01  2.33106548E-04
 -4.20000000E+01  2.67533074E+03  7.09822930E-01 -9.30066608E+03  3.65635447E-01 -8.40550299E+03  3.20467547E-01 -8.71716963E+02  2.03456953E-01 -6.62533534E+03  6.54473137E-01 -4.14733534E+03  6.54473137E-01  4.53445888E+01  1.20308971E-02 -1.57638408E+02  6.19721020E-03 -1.12293819E+02  1.10927652E-02  5.90000000E+01  0.00000000E+00  3.48100000E+03  0.00000000E+00  1.04279678E-02  1.37601958E-17  8.40737452E-01  2.03490036E-04
 -4.30000000E+01  2.48793601E+03  6.27580796E-01 -8.96074255E+03  3.74201565E-01 -8.12622173E+03  3.01853254E-01 -8.13799261E+02  1.66378222E-01 -6.47280654E+03  6.20598349E-01 -4.02180654E+03  6.20598349E-01  4.36480002E+01  1.10101894E-02 -1.57206010E+02  6.56493924E-03 -1.13558009E+02  1.08876904E-02  5.70000000E+01  0.00000000E+00  3.24900000E+03  0.00000000E+00  1.00744774E-02  3.94572155E-18  8.83439672E-01  1.74449037E-04
 -4.40000000E+01  2.39436421E+03  6.09874564E-01 -8.80501159E+03  3.95937902E-01 -7.98913633E+03  3.14476210E-01 -7.97008413E+02  1.69237261E-01 -6.41064737E+03  5.82142999E-01 -3.94664737E+03  5.82142999E-01  4.27565038E+01  1.08906173E-02 -1.57232350E+02  7.07032005E-03 -1.14475846E+02  1.03954116E-02  5.60000000E+01  0.00000000E+00  3.13600000E+03  0.00000000E+00  9.89773214E-03  8.03662266E-18  6.64076422E-01  4.10490448E-04
 -4.50000000E+01  2.48610680E+03  6.75969368E-01 -8.95981468E+03  2.96146041E-01 -8.12559232E+03  2.71799257E-01 -8.13486980E+02  1.57059563E-01 -6.47370787E+03  6.69579072E-01 -3.90870787E+03  6.69579072E-01  4.36159088E+01  1.18591117E-02 -1.57189731E+02  5.19554479E-03 -1.13573822E+02  1.17470017E-02  5.70000000E+01  0.00000000E+00  3.24900000E+03  0.00000000E+00  1.00744774E-02  4.08569541E-18  6.73497745E-01  2.38646085E-04
 -4.60000000E+01  2.77788112E+03  6.87232071E-01 -9.45442233E+03  3.67896215E-01 -8.54328735E+03  3.17227432E-01 -8.85746508E+02  1.89345635E-01 -6.67654121E+03  6.72073070E-01 -3.91654121E+03  6.72073070E-01  4.62980187E+01  1.14538679E-02 -1.57573706E+02  6.13160201E-03 -1.11275687E+02  1.12012168E-02  6.00000000E+01  0.00000000E+00  3.60000000E+03  0.00000000E+00  1.06047130E-02  8.52122528E-18  8.95929575E-01  1.65144573E-04
 -4.70000000E+01  2.39316623E+03  7.93974622E-01 -8.80345477E+03  3.82036906E-01 -7.98803476E+03  3.04434531E-01 -7.96276062E+02  1.78679178E-01 -6.41028854E+03  6.35302565E-01 -3.77828854E+03  6.35302565E-01  4.27351112E+01  1.41781182E-02 -1.57204549E+02  6.82208756E-03 -1.14469438E+02  1.13446882E-02  5.60000000E+01  0.00000000E+00  3.13600000E+03  0.00000000E+00  9.89773214E-03  8.09489594E-18  8.06184703E-01  3.08208728E-04
 -4.80000000E+01  2.48752616E+03  6.73178796E-01 -8.96056151E+03  3.07758637E-01 -8.12639785E+03  2.62990554E-01 -8.13502985E+02  1.60452751E-01 -6.47303535E+03  6.66263680E-01 -3.73703535E+03  6.66263680E-01  4.36408098E+01  1.18101543E-02 -1.57202834E+02  5.39927379E-03 -1.13562024E+02  1.16888374E-02  5.70000000E+01  0.00000000E+00  3.24900000E+03  0.00000000E+00  1.00744774E-02  4.03037127E-18  7.97296467E-01  2.20172635E-04
 -4.90000000E+01  2.67620035E+03  6.98523915E-01 -9.30102479E+03  3.66839195E-01 -8.40571645E+03  2.84749390E-01 -8.71774066E+02  1.96394656E-01 -6.62482444E+03  6.45724761E-01 -3.73382444E+03  6.45724761E-01  4.53593280E+01  1.18393884E-02 -1.57644488E+02  6.21761314E-03 -1.12285160E+02  1.09444877E-02  5.90000000E+01  0.00000000E+00  3.48100000E+03  0.00000000E+00  1.04279678E-02  1.43354519E-17  8.28046151E-01  2.03671840E-04
 -5.00000000E+01  2.39491179E+03  6.66658215E-01 -8.80505970E+03  2.98249535E-01 -7.98927679E+03  2.32528084E-01 -7.96765074E+02  1.64358134E-01 -6.41014791E+03  6.22546084E-01 -3.61014791E+03  6.22546084E-01  4.27662820E+01  1.19046112E-02 -1.57233209E+02  5.32588400E-03 -1.14466927E+02  1.11168940E-02  5.60000000E+01  0.00000000E+00  3.13600000E+03  0.00000000E+00  9.89773214E-03  6.55615116E-18  8.05055192E-01  2.38152589E-04
 -5.10000000E+01  2.67445552E+03  6.94056609E-01 -9.30024202E+03  4.17902362E-01 -8.40549654E+03  3.47313963E-01 -8.71320356E+02  1.76837270E-01 -6.62578649E+03  6.86195254E-01 -3.61678649E+03  6.86195254E-01  4.53297546E+01  1.17636714E-02 -1.57631221E+02  7.08309093E-03 -1.12301466E+02  1.16304278E-02  5.90000000E+01  0.00000000E+00  3.48100000E+03  0.00000000E+00  1.04279678E-02  1.29839025E-17  7.18408187E-01  2.54086379E-04
 -5.20000000E+01  2.67408575E+03  6.66797286E-01 -9.30105410E+03  3.19383644E-01 -8.40575675E+03  2.63465389E-01 -8.72020203E+02  1.90675144E-01 -6.62696835E+03  6.26309455E-01 -3.55896835E+03  6.26309455E-01  4.53234873E+01  1.13016489E-02 -1.57644985E+02  5.41328242E-03 -1.12321497E+02  1.06154143E-02  5.90000000E+01  0.00000000E+00  3.48100000E+03  0.00000000E+00  1.04279678E-02  1.35240691E-17  7.24785081E-01  2.61266914E-04
 -5.30000000E+01  2.48747404E+03  6.23854018E-01 -8.96039696E+03  3.14139770E-01 -8.12608053E+03  2.55798088E-01 -8.13656250E+02  1.82210610E-01 -6.47292292E+03  6.14387772E-01 -3.45192292E+03  6.14387772E-01  4.36398954E+01  1.09448076E-02 -1.57199947E+02  5.51122365E-03 -1.13560051E+02  1.07787332E-02  5.70000000E+01  0.00000000E+00  3.24900000E+03  0.00000000E+00  1.00744774E-02  3.89835222E-18  8.06194967E-01  2.34322179E-04
 -5.40000000E+01  2.21419030E+03  5.78541620E-01 -8.47658808E+03  2.79382473E-01 -7.70882793E+03  2.29356597E-01 -7.51527887E+02  1.39821700E-01 -6.26239778E+03  5.40512483E-01 -3.34639778E+03  5.40512483E-01  4.10035240E+01  1.07137337E-02 -1.56973853E+02  5.17374941E-03 -1.15970329E+02  1.00094902E-02  5.40000000E+01  0.00000000E+00  2.91600000E+03  0.00000000E+00  9.54424170E-03  1.05812205E-17  7.33422931E-01  2.41222046E-04
 -5.50000000E+01  2.21672619E+03  6.47393923E-01 -8.47826700E+03  2.63882160E-01 -7.71017567E+03  2.16412168E-01 -7.51959996E+02  1.43750395E-01 -6.26154081E+03  5.91736876E-01 -3.29154081E+03  5.91736876E-01  4.10504849E+01  1.19887765E-02 -1.57004944E+02  4.88670706E-03 -1.15954460E+02  1.09580904E-02  5.40000000E+01  0.00000000E+00  2.91600000E+03  0.00000000E+00  9.54424170E-03  1.16629702E-17  9.48693121E-01  1.06314190E-04
 -5.60000000E+01  2.12565135E+03  5.46697953E-01 -8.32724366E+03  2.59389066E-01 -7.57149275E+03  1.99869314E-01 -7.41343271E+02  1.52747731E-01 -6.20159231E+03  5.45706742E-01 -3.23359231E+03  5.45706742E-01  4.01066292E+01  1.03150558E-02 -1.57117805E+02  4.89413329E-03 -1.17011176E+02  1.02963536E-02  5.30000000E+01  0.00000000E+00  2.80900000E+03  0.00000000E+00  9.36749649E-03  5.76812509E-18  8.16601561E-01  3.07366530E-04
 -5.70000000E+01  2.12709868E+03  5.50263336E-01 -8.32848392E+03  2.73519399E-01 -7.57240032E+03  2.20755292E-01 -7.41717024E+02  1.27876154E-01 -6.20138524E+03  5.63530746E-01 -3.18038524E+03  5.63530746E-01  4.01339373E+01  1.03823271E-02 -1.57141206E+02  5.16074301E-03 -1.17007269E+02  1.06326564E-02  5.30000000E+01  0.00000000E+00  2.80900000E+03  0.00000000E+00  9.36749649E-03  5.77090790E-18  9.51192117E-01  1.13550079E-04
 -5.80000000E+01  2.21613823E+03  6.00526263E-01 -8.47828289E+03  3.00969713E-01 -7.70992680E+03  2.22364874E-01 -7.52185091E+02  1.53524779E-01 -6.26214467E+03  5.87497404E-01 -3.13014467E+03  5.87497404E-01  4.10395968E+01  1.11208566E-02 -1.57005239E+02  5.57351332E-03 -1.15965642E+02  1.08795813E-02  5.40000000E+01  0.00000000E+00  2.91600000E+03  0.00000000E+00  9.54424170E-03  1.16974939E-17  9.25521002E-01  1.45178046E-04
 -5.90000000E+01  2.21487508E+03  6.99673668E-01 -8.47685457E+03  3.35249860E-01 -7.70908134E+03  2.50420055E-01 -7.51621005E+02  1.76190261E-01 -6.26197949E+03  6.71500874E-01 -3.07597949E+03  6.71500874E-01  4.10162051E+01  1.29569195E-02 -1.56978788E+02  6.20833174E-03 -1.15962583E+02  1.24352013E-02  5.40000000E+01  0.00000000E+00  2.91600000E+03  0.00000000E+00  9.54424170E-03  1.10886048E-17  7.59009408E-01  2.47361367E-04
 -6.00000000E+01  2.12513752E+03  5.87482679E-01 -8.32664067E+03  2.49507245E-01 -7.57093876E+03  2.15636591E-01 -7.41359515E+02  1.36227350E-01 -6.20150314E+03  5.55116745E-01 -3.02150314E+03  5.55116745E-01  4.00969344E+01  1.10845788E-02 -1.57106428E+02  4.70768324E-03 -1.17009493E+02  1.04739006E-02  5.30000000E+01  0.00000000E+00  2.80900000E+03  0.00000000E+00  9.36749649E-03  5.77471140E-18  7.46100207E-01  2.47575584E-04
 -6.10000000E+01  2.12570730E+03  5.77829012E-01 -8.32701508E+03  2.74468629E-01 -7.57105064E+03  2.28371848E-01 -7.41489424E+02  1.28348761E-01 -6.20130778E+03  5.98891762E-01 -2.96830778E+03  5.98891762E-01  4.01076848E+01  1.09024342E-02 -1.57113492E+02  5.17865253E-03 -1.17005807E+02  1.12998449E-02  5.30000000E+01  0.00000000E+00  2.80900000E+03  0.00000000E+00  9.36749649E-03  5.69989633E-18  8.29125632E-01  1.93154302E-04
 -6.20000000E+01  2.12506633E+03  5.77333850E-01 -8.32694801E+03  2.44222592E-01 -7.57109152E+03  2.07208967E-01 -7.41426824E+02  1.46596395E-01 -6.20188168E+03  6.23772208E-01 -2.91588168E+03  6.23772208E-01  4.00955911E+01  1.08930917E-02 -1.57112227E+02  4.60797333E-03 -1.17016635E+02  1.17692870E-02  5.30000000E+01  0.00000000E+00  2.80900000E+03  0.00000000E+00  9.36749649E-03  5.73168770E-18  7.71968001E-01  2.04532311E-04
 -6.30000000E+01  2.23070308E+03  1.86896936E+01 -8.49881004E+03  3.14010913E+01 -7.72599400E+03  2.80301852E+01 -7.56448383E+02  3.06239774E+00 -6.26810696E+03  1.27365917E+01 -2.85856321E+03  7.41442577E-01  4.11937096E+01  1.90021190E-01 -1.57038132E+02  1.22763643E-02 -1.15844423E+02  1.97624752E-01  5.41197421E+01  2.02426262E-01  2.93034596E+03  2.19913896E+01  9.56540554E-03  3.57778734E-05  8.94969718E-01  5.09494091E-04
 -6.40000000E+01  2.03980831E+03  5.15227479E-01 -8.16629185E+03  2.40651051E-01 -7.43139039E+03  1.99377109E-01 -7.21904004E+02  1.34822062E-01 -6.12648354E+03  5.13196425E-01 -2.79848354E+03  5.13196425E-01  3.92270829E+01  9.90822076E-03 -1.57044074E+02  4.62790454E-03 -1.17816991E+02  9.86916211E-03  5.20000000E+01  0.00000000E+00  2.70400000E+03  0.00000000E+00  9.19075127E-03  3.90424592E-18  6.64792584E-01  2.58631131E-04
 -6.50000000E+01  2.04018270E+03  5.87359522E-01 -8.16695088E+03  2.57761879E-01 -7.43198096E+03  2.13814345E-01 -7.21985877E+02  1.32237834E-01 -6.12676818E+03  5.15393436E-01 -2.74676818E+03  5.15393436E-01  3.92342828E+01  1.12953755E-02 -1.57056748E+02  4.95695936E-03 -1.17822465E+02  9.91141224E-03  5.20000000E+01  0.00000000E+00  2.70400000E+03  0.00000000E+00  9.19075127E-03  5.83778366E-18  8.71853814E-01  1.53900523E-04
 -6.60000000E+01  2.12535603E+03  6.12053543E-01 -8.32621948E+03  2.89533551E-01 -7.57119828E+03  2.36739079E-01 -7.40526658E+02  1.43254580E-01 -6.20086344E+03  6.07053038E-01 -2.70286957E+03  6.06615300E-01  4.01011272E+01  1.15547399E-02 -1.57098755E+02  5.43762780E-03 -1.16997627E+02  1.14400418E-02  5.29999073E+01  9.39941406E-05  2.80899026E+03  9.86938477E-03  9.36748010E-03  1.66130151E-08  7.31571915E-01  3.00897617E-04
 -6.70000000E+01  2.12784129E+03  5.73016350E-01 -8.32796502E+03  2.68513642E-01 -7.57208598E+03  2.16452236E-01 -7.41546463E+02  1.41973818E-01 -6.20012372E+03  5.51189729E-01 -2.64912372E+03  5.51189729E-01  4.01479489E+01  1.08116293E-02 -1.57131415E+02  5.06629531E-03 -1.16983466E+02  1.03998062E-02  5.30000000E+01  0.00000000E+00  2.80900000E+03  0.00000000E+00  9.36749649E-03  5.84952044E-18  9.38629522E-01  1.37024184E-04
 -6.80000000E+01  2.12551439E+03  5.32592594E-01 -8.32717942E+03  2.92976196E-01 -7.57139454E+03  2.41191224E-01 -7.41332205E+02  1.50084290E-01 -6.20166503E+03  5.40121843E-01 -2.59766503E+03  5.40121843E-01  4.01040450E+01  1.00489169E-02 -1.57116593E+02  5.52785185E-03 -1.17012548E+02  1.01909772E-02  5.30000000E+01  0.00000000E+00  2.80900000E+03  0.00000000E+00  9.36749649E-03  5.66224161E-18  7.65045381E-01  1.95508973E-04
 -6.90000000E+01  2.12755881E+03  6.18678336E-01 -8.32699099E+03  2.84787012E-01 -7.57169966E+03  2.21817061E-01 -7.40949054E+02  1.39752184E-01 -6.19943218E+03  5.93565936E-01 -2.54243218E+03  5.93565936E-01  4.01426190E+01  1.16731764E-02 -1.57113038E+02  5.37333956E-03 -1.16970419E+02  1.11993564E-02  5.30000000E+01  0.00000000E+00  2.80900000E+03  0.00000000E+00  9.36749649E-03  5.83284911E-18  8.99643896E-01  1.95571460E-04
 -7.00000000E+01  2.12594118E+03  6.27914336E-01 -8.32809186E+03  2.64118438E-01 -7.57212370E+03  2.06657484E-01 -7.41629746E+02  1.55388574E-01 -6.20215068E+03  6.33385916E-01 -2.49215068E+03  6.33385916E-01  4.01120978E+01  1.18474402E-02 -1.57133809E+02  4.98336715E-03 -1.17021711E+02  1.19506785E-02  5.30000000E+01  0.00000000E+00  2.80900000E+03  0.00000000E+00  9.36749649E-03  5.88640779E-18  9.11673111E-01  1.62304521E-04
 -7.10000000E+01  2.03984536E+03  5.40873109E-01 -8.16681199E+03  2.23372892E-01 -7.43187591E+03  1.85699896E-01 -7.21931594E+02  1.23968168E-01 -6.12696663E+03  5.22692045E-01 -2.43496663E+03  5.22692045E-01  3.92277955E+01  1.04014059E-02 -1.57054077E+02  4.29563226E-03 -1.17826281E+02  1.00517700E-02  5.20000000E+01  0.00000000E+00  2.70400000E+03  0.00000000E+00  9.19075127E-03  6.43091159E-18  8.02582641E-01  1.83805032E-04
 -7.20000000E+01  2.12629054E+03  5.83120944E-01 -8.32823284E+03  2.51447123E-01 -7.57212791E+03  2.01139061E-01 -7.41738814E+02  1.49780968E-01 -6.20194230E+03  5.78140432E-01 -2.38594230E+03  5.78140432E-01  4.01186894E+01  1.10022820E-02 -1.57136469E+02  4.74428533E-03 -1.17017779E+02  1.09083101E-02  5.30000000E+01  0.00000000E+00  2.80900000E+03  0.00000000E+00  9.36749649E-03  5.93316593E-18  9.62258042E-01  1.05253768E-04
 -7.30000000E+01  2.03972407E+03  5.35012790E-01 -8.16626921E+03  2.37552702E-01 -7.43154559E+03  2.10010565E-01 -7.21683646E+02  1.16800287E-01 -6.12654514E+03  5.27777077E-01 -2.33054514E+03  5.27777077E-01  3.92254629E+01  1.02887075E-02 -1.57043639E+02  4.56832070E-03 -1.17818176E+02  1.01495586E-02  5.20000000E+01  0.00000000E+00  2.70400000E+03  0.00000000E+00  9.19075127E-03  4.74697676E-18  7.24964486E-01  2.10935012E-04
 -7.40000000E+01  2.12740195E+03  6.87396035E-01 -8.32738597E+03  2.71111074E-01 -7.57215006E+03  2.09854570E-01 -7.40781367E+02  1.45435048E-01 -6.19998402E+03  6.71441496E-01 -2.27799249E+03  6.71742647E-01  4.01397468E+01  1.29699873E-02 -1.57120830E+02  5.15071216E-03 -1.16981083E+02  1.26786207E-02  5.29998855E+01  1.16319444E-04  2.80898797E+03  1.22135417E-02  9.36747625E-03  2.05589062E-08  9.15070677E-01  2.28845159E-04
 -7.50000000E+01  2.04238811E+03  5.80066888E-01 -8.16815206E+03  2.33843626E-01 -7.43302653E+03  1.93141541E-01 -7.22011171E+02  1.36766193E-01 -6.12576395E+03  5.67306970E-01 -2.22576395E+03  5.67306970E-01  3.92766944E+01  1.11551324E-02 -1.57079847E+02  4.49699320E-03 -1.17803153E+02  1.09097489E-02  5.20000000E+01  0.00000000E+00  2.70400000E+03  0.00000000E+00  9.19075127E-03  1.07769437E-17  9.68606731E-01  1.04512326E-04
 -7.60000000E+01  2.04139204E+03  6.32700186E-01 -8.16743995E+03  2.87329796E-01 -7.43239115E+03  2.17530980E-01 -7.21962564E+02  1.35073234E-01 -6.12604791E+03  6.37389934E-01 -2.17404791E+03  6.37389934E-01  3.92575391E+01  1.21673113E-02 -1.57066153E+02  5.52557361E-03 -1.17808614E+02  1.22574984E-02  5.20000000E+01  0.00000000E+00  2.70400000E+03  0.00000000E+00  9.19075127E-03  1.05189533E-17  9.14688099E-01  1.41441851E-04
 -7.70000000E+01  2.12408704E+03  6.35315805E-01 -8.32641705E+03  2.72679102E-01 -7.57060053E+03  2.06836322E-01 -7.41439223E+02  1.31632798E-01 -6.20233001E+03  5.78114686E-01 -2.12136205E+03  5.80802365E-01  4.00774265E+01  1.19537733E-02 -1.57103440E+02  4.89160134E-03 -1.17026014E+02  1.09953632E-02  5.29995839E+01  3.70915415E-04  2.80895631E+03  3.89461186E-02  9.36742295E-03  6.55575271E-08  6.66740357E-01  3.46859729E-04
 -7.80000000E+01  2.04098437E+03  5.47383402E-01 -8.16755090E+03  2.70545628E-01 -7.43261681E+03  1.97047169E-01 -7.21886268E+02  1.40507064E-01 -6.12656653E+03  5.83015953E-01 -2.07056653E+03  5.83015953E-01  3.92496994E+01  1.05266039E-02 -1.57068287E+02  5.20280091E-03 -1.17818587E+02  1.12118448E-02  5.20000000E+01  0.00000000E+00  2.70400000E+03  0.00000000E+00  9.19075127E-03  1.08385247E-17  8.95201692E-01  1.46732619E-04
 -7.90000000E+01  2.12635376E+03  6.54589713E-01 -8.32728792E+03  2.69836052E-01 -7.57148367E+03  2.33660541E-01 -7.41344888E+02  1.28738310E-01 -6.20093416E+03  6.51591826E-01 -2.01393416E+03  6.51591826E-01  4.01198824E+01  1.23507493E-02 -1.57118640E+02  5.09124636E-03 -1.16998758E+02  1.22941848E-02  5.30000000E+01  0.00000000E+00  2.80900000E+03  0.00000000E+00  9.36749649E-03  5.91355250E-18  8.22956536E-01  2.48484955E-04
 -8.00000000E+01  2.12613260E+03  5.73986862E-01 -8.32761660E+03  2.58937709E-01 -7.57191497E+03  2.31139323E-01 -7.41293145E+02  1.33955284E-01 -6.20148400E+03  5.46453048E-01 -1.96149758E+03  5.47716675E-01  4.01158358E+01  1.08164738E-02 -1.57125344E+02  4.86224439E-03 -1.17009508E+02  1.03475446E-02  5.29998302E+01  1.71875000E-04  2.80898217E+03  1.80468750E-02  9.36746649E-03  3.03780851E-08  8.88695676E-01  2.67803973E-04
 -8.10000000E+01  2.12779977E+03  5.75099983E-01 -8.32812752E+03  2.79824013E-01 -7.57221467E+03  2.22753217E-01 -7.41399275E+02  1.56174606E-01 -6.20032775E+03  5.73702783E-01 -1.90732775E+03  5.73702783E-01  4.01471656E+01  1.08509431E-02 -1.57134482E+02  5.27969875E-03 -1.16987316E+02  1.08245810E-02  5.30000000E+01  0.00000000E+00  2.80900000E+03  0.00000000E+00  9.36749649E-03  5.88463741E-18  9.45142198E-01  1.78146211E-04
 -8.20000000E+01  2.04111252E+03  5.96649536E-01 -8.16744259E+03  2.50833941E-01 -7.43236490E+03  1.94419678E-01 -7.21980174E+02  1.31419658E-01 -6.12633007E+03  6.14656464E-01 -1.86233007E+03  6.14656464E-01  3.92521638E+01  1.14740295E-02 -1.57066204E+02  4.82372950E-03 -1.17814040E+02  1.18203164E-02  5.20000000E+01  0.00000000E+00  2.70400000E+03  0.00000000E+00  9.19075127E-03  1.18335935E-17  8.95553132E-01  1.69612430E-04
 -8.30000000E+01  2.04152757E+03  7.32787587E-01 -8.16739624E+03  2.98073537E-01 -7.43258431E+03  2.38561995E-01 -7.21747717E+02  1.34909480E-01 -6.12586866E+03  7.43793328E-01 -1.80993151E+03  7.39675045E-01  3.92607165E+01  1.40530538E-02 -1.57067592E+02  4.99533332E-03 -1.17806875E+02  1.42226199E-02  5.19992428E+01  7.68807870E-04  2.70392201E+03  7.91872106E-02  9.19061744E-03  1.35883116E-07  9.24300827E-01  2.32762627E-04
 -8.40000000E+01  1.81888531E+03  5.03961838E-01 -7.64962570E+03  2.05661624E-01 -7.00838501E+03  1.75215306E-01 -6.30735722E+02  1.07846979E-01 -5.83074039E+03  4.98086946E-01 -1.71474039E+03  4.98086946E-01  3.71201083E+01  1.02849354E-02 -1.56114810E+02  4.19717588E-03 -1.18994702E+02  1.01650400E-02  4.90000000E+01  0.00000000E+00  2.40100000E+03  0.00000000E+00  8.66051562E-03  9.45525426E-18  9.67726746E-01  2.33062237E-04
 -8.50000000E+01  1.81895805E+03  5.42331187E-01 -7.64973374E+03  2.15015204E-01 -7.00824770E+03  1.83265181E-01 -6.30859072E+02  1.07025878E-01 -5.83077570E+03  5.07233239E-01 -1.66577570E+03  5.07233239E-01  3.71215928E+01  1.10679835E-02 -1.56117015E+02  4.38806561E-03 -1.18995422E+02  1.03516989E-02  4.90000000E+01  0.00000000E+00  2.40100000E+03  0.00000000E+00  8.66051562E-03  9.55596071E-18  9.03666975E-01  4.54718222E-04
 -8.60000000E+01  1.81817658E+03  5.43826670E-01 -7.64955251E+03  3.79618687E-01 -7.00836638E+03  3.16690399E-01 -6.30655921E+02  1.21441786E-01 -5.83137594E+03  5.69420197E-01 -1.61751996E+03  5.36840314E-01  3.71069047E+01  1.10985284E-02 -1.56118637E+02  5.09170955E-03 -1.19011732E+02  1.09268144E-02  4.89983253E+01  1.68968290E-03  2.40083756E+03  1.63899242E-01  8.66021963E-03  2.98643377E-07  9.49969441E-01  3.34919974E-04
 -8.70000000E+01  1.83658736E+03  5.64277235E+00 -7.68450613E+03  1.09574520E+01 -7.03892350E+03  9.65494778E+00 -6.34769009E+02  1.22306775E+00 -5.84791877E+03  5.38040208E+00 -1.56605003E+03  8.66087052E-01  3.73131457E+01  6.22414737E-02 -1.56135418E+02  6.61247237E-03 -1.18822273E+02  5.86314609E-02  4.92168821E+01  6.91408760E-02  2.42247133E+03  6.84494672E+00  8.69884849E-03  1.22203193E-05  9.73865289E-01  2.48887137E-04
 -8.80000000E+01  1.81783286E+03  6.05724220E-01 -7.64849021E+03  7.46653448E-01 -7.00754059E+03  5.64473809E-01 -6.30393149E+02  2.22032181E-01 -5.83065736E+03  6.43338164E-01 -1.51907148E+03  4.99038498E-01  3.71021218E+01  1.14160654E-02 -1.56106567E+02  5.80353153E-03 -1.19004445E+02  1.00618524E-02  4.89952940E+01  3.59490605E-03  2.40054352E+03  3.48705887E-01  8.65968386E-03  6.35382460E-07  9.00536802E-01  6.75111208E-04
 -8.90000000E+01  1.74398678E+03  5.47829959E-01 -7.48307207E+03  2.00702604E-01 -6.86698193E+03  1.64892296E-01 -6.06465996E+02  1.00767403E-01 -5.73908529E+03  5.20095155E-01 -1.46708529E+03  5.20095155E-01  3.63330580E+01  1.14131241E-02 -1.55897335E+02  4.18130404E-03 -1.19564277E+02  1.08353157E-02  4.80000000E+01  0.00000000E+00  2.30400000E+03  0.00000000E+00  8.48377040E-03  5.22872702E-18  9.29994409E-01  2.10207465E-04
 -9.00000000E+01  1.74409988E+03  5.74026235E-01 -7.48325652E+03  2.16732273E-01 -6.86726450E+03  1.71838639E-01 -6.06459307E+02  9.81158673E-02 -5.73915664E+03  5.72011233E-01 -1.41915664E+03  5.72011233E-01  3.63354142E+01  1.19588800E-02 -1.55901177E+02  4.51525569E-03 -1.19565763E+02  1.19169001E-02  4.80000000E+01  0.00000000E+00  2.30400000E+03  0.00000000E+00  8.48377040E-03  6.34748635E-18  9.15457644E-01  2.28271300E-04
 -9.10000000E+01  1.81713650E+03  7.34292149E-01 -7.64906245E+03  3.79216936E-01 -7.00764771E+03  2.55491193E-01 -6.30869386E+02  1.67165135E-01 -5.83192595E+03  5.47941976E-01 -1.37313065E+03  5.41559884E-01  3.70860814E+01  1.48871865E-02 -1.56110463E+02  6.21535944E-03 -1.19024382E+02  1.11166704E-02  4.89977505E+01  1.30333069E-03  2.40078180E+03  1.26423077E-01  8.66011804E-03  2.30357468E-07  8.34027653E-01  1.10908637E-03
 -9.20000000E+01  2.04054478E+03  8.54408907E-01 -8.16256917E+03  1.78732374E+00 -7.42883168E+03  1.40293900E+00 -7.20702919E+02  4.09365996E-01 -6.12202440E+03  1.38598091E+00 -1.34074809E+03  6.59470637E-01  3.92633612E+01  1.23322075E-02 -1.57061667E+02  7.18230545E-03 -1.17798306E+02  1.15568962E-02  5.19703946E+01  9.71619533E-03  2.70095148E+03  1.00028148E+00  9.18551866E-03  1.71729108E-06  9.48727533E-01  6.90576686E-04
 -9.30000000E+01  1.80685429E+03  6.86412588E+00 -7.62101168E+03  1.73131494E+01 -6.98465012E+03  1.43606099E+01 -6.25883563E+02  2.87785792E+00 -5.81415739E+03  1.04813898E+01 -1.27253697E+03  1.20390676E+00  3.69937608E+01  6.82076865E-02 -1.56054616E+02  3.44337410E-02 -1.19060855E+02  3.47597584E-02  4.88346282E+01  1.00815147E-01  2.38523866E+03  9.58884968E+00  8.63128695E-03  1.78185950E-05  9.51461496E-01  9.63235131E-04
 -9.40000000E+01  1.81674360E+03  9.92715023E-01 -7.64610003E+03  2.17380336E+00 -7.00509880E+03  1.77764338E+00 -6.30482235E+02  4.02804061E-01 -5.82935643E+03  1.37327071E+00 -1.22541834E+03  4.98236726E-01  3.70926011E+01  1.32107600E-02 -1.56112485E+02  7.48351956E-03 -1.19019884E+02  1.02789537E-02  4.89780648E+01  1.21386733E-02  2.39887977E+03  1.17063439E+00  8.65663868E-03  2.14545245E-06  8.76661060E-01  9.96888857E-04
 -9.50000000E+01  1.74363598E+03  4.90834522E-01 -7.48308312E+03  2.09407283E-01 -6.86726913E+03  1.71454347E-01 -6.06225945E+02  1.11059285E-01 -5.73944714E+03  4.72827552E-01 -1.17944714E+03  4.72827552E-01  3.63257496E+01  1.02257192E-02 -1.55897565E+02  4.36265135E-03 -1.19571815E+02  9.85057402E-03  4.80000000E+01  0.00000000E+00  2.30400000E+03  0.00000000E+00  8.48377040E-03  1.10614488E-17  9.56263524E-01  1.44260842E-04
 -9.60000000E+01  1.69209311E+03  1.48780994E+01 -7.33536136E+03  3.72226878E+01 -6.74758286E+03  3.08918760E+01 -5.78482414E+02  6.17416104E+00 -5.64326825E+03  2.23580128E+01 -1.11571014E+03  1.55373839E+00  3.58478927E+01  1.48333650E-01 -1.55520602E+02  7.13335658E-02 -1.19672709E+02  7.74472910E-02  4.71620637E+01  2.17456702E-01  2.22636462E+03  2.06540572E+01  8.33566917E-03  3.84344319E-05  9.40758608E-01  9.90445710E-04
 -9.70000000E+01  1.61371394E+03  5.03809689E-01 -7.13663713E+03  3.29363253E-01 -6.58253884E+03  2.63869114E-01 -5.45669911E+02  1.23312227E-01 -5.52292319E+03  5.02622495E-01 -1.06118240E+03  4.80685774E-01  3.50827362E+01  1.09670342E-02 -1.55153271E+02  4.99513809E-03 -1.20070535E+02  1.04226009E-02  4.59973277E+01  1.31678891E-03  2.11575682E+03  1.19827791E-01  8.12980766E-03  2.32736145E-07  9.66164834E-01  4.33900784E-04
 -9.80000000E+01  1.64436798E+03  1.06243619E+01 -7.21637278E+03  2.61568591E+01 -6.64923253E+03  2.17045247E+01 -5.58296776E+02  4.35377702E+00 -5.57200480E+03  1.55526239E+01 -1.01793402E+03  7.85014010E-01  3.53689128E+01  1.07894777E-01 -1.55282904E+02  4.96138311E-02 -1.19913992E+02  5.93510487E-02  4.64701100E+01  1.53030182E-01  2.16057718E+03  1.45281401E+01  8.21336966E-03  2.70473527E-05  8.40687569E-01  2.04348843E-03
 -9.90000000E+01  1.74502664E+03  5.16773734E-01 -7.48348592E+03  2.75568660E-01 -6.86744420E+03  2.16642173E-01 -6.06448893E+02  1.09190343E-01 -5.73845928E+03  5.03697336E-01 -9.86524978E+02  5.04482369E-01  3.63552103E+01  1.06952574E-02 -1.55908103E+02  4.84783198E-03 -1.19552893E+02  1.05309767E-02  4.79993364E+01  6.73620346E-04  2.30393695E+03  6.39939328E-02  8.48365311E-03  1.19059170E-07  9.81666030E-01  1.58068953E-04
 -1.00000000E+02  1.60941254E+03  5.91754895E-01 -7.13053307E+03  1.09614826E+00 -6.57787079E+03  8.87398488E-01 -5.44137450E+02  2.41910944E-01 -5.52112053E+03  9.86865206E-01 -9.23876120E+02  5.45938160E-01  3.50078945E+01  1.10701486E-02 -1.55104258E+02  4.93708283E-03 -1.20096363E+02  1.08676513E-02  4.59724441E+01  6.12470611E-03  2.11349319E+03  5.57125426E-01  8.12540959E-03  1.08251253E-06  8.02882700E-01  1.76032032E-03
 -1.01000000E+02  1.54884854E+03  5.39748444E-01 -6.96542065E+03  4.68585707E-01 -6.43985110E+03  3.90878368E-01 -5.17721176E+02  1.24629191E-01 -5.41657211E+03  5.62793966E-01 -8.71951012E+02  4.86132058E-01  3.44216642E+01  1.17114032E-02 -1.54799987E+02  4.88352753E-03 -1.20378323E+02  1.06972553E-02  4.49962485E+01  2.16368423E-03  2.02466611E+03  1.92567897E-01  7.95287169E-03  3.82420824E-07  9.31786251E-01  5.88170892E-04
 -1.02000000E+02  1.60880909E+03  1.03882891E+00 -7.12623155E+03  2.77886957E+00 -6.57412017E+03  2.27504518E+00 -5.43650860E+02  5.29624804E-01 -5.51742247E+03  1.90508252E+00 -8.31600107E+02  5.08123261E-01  3.50193948E+01  1.30289839E-02 -1.55121643E+02  8.61274645E-03 -1.20102248E+02  1.03236397E-02  4.59394349E+01  1.57361335E-02  2.11050409E+03  1.42452355E+00  8.11957538E-03  2.78128634E-06  9.21431595E-01  1.43146752E-03
 -1.03000000E+02  1.60406105E+03  2.53859949E+00 -7.10869814E+03  7.13028892E+00 -6.55965815E+03  5.89580018E+00 -5.40674291E+02  1.22964336E+00 -5.50463709E+03  4.66239591E+00 -7.83448131E+02  6.42707982E-01  3.49925861E+01  2.61214012E-02 -1.55085261E+02  1.81015546E-02 -1.20092675E+02  1.24995654E-02  4.58367860E+01  4.09892453E-02  2.10122936E+03  3.69532181E+00  8.10143268E-03  7.24465306E-06  9.63551526E-01  1.05059607E-03
 -1.04000000E+02  1.55791856E+03  4.48095484E+00 -6.98076651E+03  1.29735045E+01 -6.45376494E+03  1.07199870E+01 -5.18946407E+02  2.22439680E+00 -5.42284795E+03  8.55910125E+00 -7.32743358E+02  9.94116457E-01  3.45385964E+01  4.29876977E-02 -1.54788887E+02  3.00389925E-02 -1.20250290E+02  1.94911611E-02  4.50971595E+01  7.53159399E-02  2.03435251E+03  6.77352468E+00  7.97070724E-03  1.33117321E-05  8.80307679E-01  3.22211084E-03
 -1.05000000E+02  1.53462346E+03  4.45246641E+00 -6.91927606E+03  1.34249961E+01 -6.40260320E+03  1.10644736E+01 -5.08822012E+02  2.33645623E+00 -5.38465259E+03  9.03105738E+00 -6.86691192E+02  1.09123272E+00  3.42888366E+01  4.18443202E-02 -1.54639425E+02  3.29761008E-02 -1.20350589E+02  1.66127572E-02  4.47424896E+01  7.75663704E-02  2.00272939E+03  6.88666942E+00  7.90802101E-03  1.37094849E-05  7.52894525E-01  5.81085743E-03
 -1.06000000E+02  1.51505350E+03  5.96300755E+00 -6.86851886E+03  1.78221779E+01 -6.36011134E+03  1.47149952E+01 -5.00706056E+02  3.07188950E+00 -5.35346536E+03  1.18969851E+01 -6.42619726E+02  1.09392377E+00  3.40800190E+01  5.76225212E-02 -1.54542595E+02  4.38143645E-02 -1.20462576E+02  1.75238893E-02  4.44419400E+01  1.03126230E-01  1.97593865E+03  9.03755511E+00  7.85490031E-03  1.82270677E-05  8.20407881E-01  6.61448861E-03
 -1.07000000E+02  1.43588494E+03  9.55520330E+00 -6.63498231E+03  2.73161169E+01 -6.16604682E+03  2.26839524E+01 -4.61715944E+02  4.58700607E+00 -5.19909737E+03  1.78056732E+01 -5.89597964E+02  1.05226959E+00  3.33094456E+01  9.84425614E-02 -1.54003408E+02  6.53526610E-02 -1.20693963E+02  3.55329892E-02  4.30794337E+01  1.58845016E-01  1.85737687E+03  1.37950495E+01  7.61408385E-03  2.80750968E-05  8.89580906E-01  4.54388246E-03
 -1.08000000E+02  1.35650345E+03  5.29555236E+00 -6.41154553E+03  1.53919953E+01 -5.97917676E+03  1.30908479E+01 -4.25673962E+02  2.24867378E+00 -5.05504208E+03  1.01792522E+01 -5.44127294E+02  7.24660454E-01  3.24657897E+01  5.61428024E-02 -1.53498382E+02  3.03107463E-02 -1.21032593E+02  2.83064155E-02  4.17677295E+01  9.20323910E-02  1.74535684E+03  7.73455515E+00  7.38224641E-03  1.62662849E-05  9.49815291E-01  1.30765231E-03
 -1.09000000E+02  1.34798505E+03  3.99615623E+00 -6.37902428E+03  1.07507706E+01 -5.95071150E+03  9.06498812E+00 -4.21811398E+02  1.65935728E+00 -5.03103923E+03  6.81229738E+00 -4.99933956E+02  5.40829242E-01  3.24154142E+01  4.72089185E-02 -1.53446982E+02  2.48140444E-02 -1.21031568E+02  2.43002243E-02  4.15697731E+01  6.34253418E-02  1.72881998E+03  5.29267355E+00  7.34725856E-03  1.12101257E-05  7.69735793E-01  6.42388213E-03
 -1.10000000E+02  1.32862452E+03  3.70927799E+00 -6.31955180E+03  1.02715541E+01 -5.89987015E+03  8.66784167E+00 -4.13404620E+02  1.58056981E+00 -4.99092728E+03  6.60503420E+00 -4.57264015E+02  4.82148485E-01  3.22240724E+01  4.31036779E-02 -1.53324044E+02  2.37786522E-02 -1.21099972E+02  2.08555252E-02  4.12151206E+01  6.06812868E-02  1.69947938E+03  5.01770542E+00  7.28457543E-03  1.07251271E-05  5.85652937E-01  7.51112130E-03
 -1.11000000E+02  1.26890694E+03  2.77977580E+00 -6.14382518E+03  8.11751731E+00 -5.75006054E+03  6.92415688E+00 -3.87921072E+02  1.16983632E+00 -4.87491824E+03  5.40145801E+00 -4.17102688E+02  4.68120915E-01  3.15875993E+01  3.19979270E-02 -1.52976687E+02  1.67912859E-02 -1.21389088E+02  1.73235271E-02  4.01605005E+01  4.88374761E-02  1.61350387E+03  3.93798503E+00  7.09817637E-03  8.63179037E-06  8.88045649E-01  2.65626665E-03
 -1.12000000E+02  1.24614876E+03  2.34143426E+00 -6.07279948E+03  7.02534806E+00 -5.68897890E+03  6.01244682E+00 -3.78077152E+02  9.97345209E-01 -4.82665072E+03  4.79255256E+00 -3.76694228E+02  5.60965266E-01  3.13554068E+01  2.80046365E-02 -1.52839355E+02  1.47453273E-02 -1.21483948E+02  1.70239992E-02  3.97317544E+01  4.22869209E-02  1.57927317E+03  3.36153409E+00  7.02239754E-03  7.47401107E-06  8.63303983E-01  2.77721748E-03
 -1.13000000E+02  1.22443710E+03  2.05292573E+00 -5.99875314E+03  6.29923007E+00 -5.62527997E+03  5.37722900E+00 -3.68003227E+02  9.09006743E-01 -4.77431603E+03  4.32251426E+00 -3.34823705E+02  4.50786290E-01  3.11553237E+01  2.39593230E-02 -1.52681662E+02  1.41557196E-02 -1.21526338E+02  1.33728306E-02  3.92875427E+01  3.77504965E-02  1.54428067E+03  2.97432719E+00  6.94388526E-03  6.67221970E-06  6.88903411E-01  4.49340831E-03
 -1.14000000E+02  1.19001078E+03  1.95514050E+00 -5.88982525E+03  6.00098345E+00 -5.53162261E+03  5.14680834E+00 -3.52922706E+02  8.47082495E-01 -4.69981447E+03  4.10456945E+00 -2.95798024E+02  4.62664365E-01  3.07925825E+01  2.37699358E-02 -1.52453207E+02  1.50709647E-02 -1.21660624E+02  1.35825138E-02  3.86317232E+01  3.56773972E-02  1.49325973E+03  2.75521554E+00  6.82797229E-03  6.30580926E-06  6.72612302E-01  5.03788826E-03
 -1.15000000E+02  1.12470525E+03  4.31175286E+00 -5.67008567E+03  1.39578422E+01 -5.34136464E+03  1.21043525E+01 -3.23887950E+02  1.82824248E+00 -4.54538042E+03  9.69945454E+00 -2.56590811E+02  5.36731517E-01  3.01459976E+01  4.84132457E-02 -1.52029724E+02  2.96668384E-02 -1.21883726E+02  2.18274662E-02  3.72938227E+01  8.45439854E-02  1.39176659E+03  6.33116482E+00  6.59150477E-03  1.49427450E-05  9.83549589E-01  5.39119828E-04
 -1.16000000E+02  1.10313581E+03  2.20485268E+00 -5.59812243E+03  6.92970681E+00 -5.27886920E+03  5.97863739E+00 -3.14602500E+02  9.26978645E-01 -4.49498662E+03  4.80281255E+00 -2.19167163E+02  5.09441065E-01  2.99141763E+01  2.70093061E-02 -1.51864391E+02  1.50862300E-02 -1.21950215E+02  1.61382107E-02  3.68605126E+01  4.20240477E-02  1.35968699E+03  3.13351832E+00  6.51491928E-03  7.42754946E-06  8.15463631E-01  2.53350401E-03
 -1.17000000E+02  1.06025686E+03  2.03095628E+00 -5.44093049E+03  6.52907770E+00 -5.14164012E+03  5.68101060E+00 -2.95024850E+02  8.21556403E-01 -4.38067363E+03  4.59679022E+00 -1.80583134E+02  5.06769728E-01  2.95218367E+01  2.61750799E-02 -1.51556089E+02  1.38367246E-02 -1.22034252E+02  1.60494354E-02  3.58982094E+01  3.99324531E-02  1.28971777E+03  2.87373168E+00  6.34483680E-03  7.05787007E-06  8.44836442E-01  2.28427356E-03
 -1.18000000E+02  1.01078087E+03  3.23949300E+00 -5.25653684E+03  1.11739356E+01 -4.97959421E+03  9.82238844E+00 -2.72935323E+02  1.33584669E+00 -4.24575597E+03  8.02458345E+00 -1.43528712E+02  6.36854536E-01  2.90577615E+01  3.84829400E-02 -1.51190160E+02  2.20471809E-02 -1.22132398E+02  2.15570475E-02  3.47646378E+01  6.89400425E-02  1.21001301E+03  4.79132266E+00  6.14448344E-03  1.21848227E-05  9.28626051E-01  1.52447959E-03
 -1.19000000E+02  9.58614349E+02  2.15079379E+00 -5.06165401E+03  7.55124293E+00 -4.80754746E+03  6.66231950E+00 -2.50427353E+02  8.78133995E-01 -4.10303967E+03  5.46802151E+00 -1.09390972E+02  4.70992368E-01  2.85425952E+01  2.67178829E-02 -1.50807155E+02  1.67898743E-02 -1.22264560E+02  1.53324438E-02  3.35600731E+01  4.64296905E-02  1.12797978E+03  3.12949883E+00  5.93158239E-03  8.20622571E-06  8.07955456E-01  2.23443932E-03
 -1.20000000E+02  8.87416918E+02  1.91215452E+00 -4.78489185E+03  6.93281401E+00 -4.56122981E+03  6.17988703E+00 -2.20324717E+02  7.47305493E-01 -3.89747493E+03  5.08879688E+00 -7.67094469E+01  4.47795389E-01  2.78451787E+01  2.54452967E-02 -1.50259965E+02  1.41520497E-02 -1.22414786E+02  1.53376952E-02  3.18397124E+01  4.33257798E-02  1.01590668E+03  2.75716097E+00  5.62751687E-03  7.65762434E-06  7.81502706E-01  1.99304864E-03
 -1.21000000E+02  7.79584245E+02  4.10103129E+00 -4.31858316E+03  1.73483059E+01 -4.14055037E+03  1.57359240E+01 -1.75363415E+02  1.59511981E+00 -3.53899891E+03  1.32967317E+01 -4.23941985E+01  5.27569057E-01  2.69453950E+01  4.32588512E-02 -1.49413845E+02  3.35909842E-02 -1.22468450E+02  1.86594223E-02  2.88975596E+01  1.09770927E-01  8.38182578E+02  6.30330612E+00  5.10750544E-03  1.94014863E-05  9.78808487E-01  4.66880572E-04
 -1.22000000E+02  6.46154726E+02  3.02376347E+00 -3.69173404E+03  1.45230373E+01 -3.56277064E+03  1.35064534E+01 -1.26909754E+02  1.01944122E+00 -3.04557931E+03  1.15291861E+01 -1.21843020E+01  3.48303745E-01  2.59191560E+01  2.62068453E-02 -1.48400251E+02  2.16828470E-02 -1.22481095E+02  1.38850851E-02  2.48638935E+01  9.45081954E-02  6.26996104E+02  4.57105689E+00  4.39457425E-03  1.67038715E-05  8.50954916E-01  1.25522382E-03
 -1.23000000E+02  1.08247798E+02  1.12121246E+00 -6.77750997E+02  6.66264891E+00 -6.70604626E+02  6.53033251E+00 -6.91067310E+00  1.33911513E-01 -5.69503199E+02  5.54263988E+00  6.02408210E+00  7.72678988E-02             NAN             NAN             NAN             NAN             NAN             NAN  4.67908358E+00  4.55673711E-02  3.24496248E+01  6.11111318E-01  8.27005642E-04  8.05381489E-06  6.55991472E-01  6.04989460E-04
