#              u               K              ΔK               V              ΔV           V_ext          ΔV_ext           V_int          ΔV_int               E              ΔE            E_mu           ΔE_mu             K/N            ΔK/N             V/N            ΔV/N             E/N            ΔE/N               N              ΔN             N^2            ΔN^2         density        Δdensity        diagonal       Δdiagonal
 -1.50000000E+01  1.79294947E+03  3.12281478E+00 -5.28686374E+03  3.78877396E+00 -4.31481377E+03  1.08154629E+00 -9.51429316E+02  2.95823363E+00 -3.49391427E+03  1.26026143E+00 -2.79651439E+03  9.36677926E-01  3.85622275E+01  2.98699665E-02 -1.13723569E+02  5.30835849E-02 -7.51613418E+01  7.28083098E-02  4.64933250E+01  5.41822542E-02  2.16209217E+03  5.01956668E+00  1.84893138E-02  2.15470235E-05  7.36819333E-01  9.68378387E-03
 -1.60000000E+01  1.80250886E+03  3.06468050E+00 -5.26391394E+03  3.70391854E+00 -4.30815455E+03  1.14878462E+00 -9.34514808E+02  2.57771436E+00 -3.46140508E+03  1.12052568E+00 -2.71793952E+03  8.54971724E-01  3.87895841E+01  2.79039150E-02 -1.13295764E+02  5.56417106E-02 -7.45061799E+01  7.33323698E-02  4.64665976E+01  5.42357550E-02  2.15965104E+03  5.01820857E+00  1.84786849E-02  2.15682993E-05  6.77292942E-01  1.03492672E-02
 -1.70000000E+01  1.77931523E+03  3.16286067E+00 -5.23217602E+03  4.15936816E+00 -4.29918149E+03  1.15867247E+00 -9.12066479E+02  3.00860545E+00 -3.45286079E+03  1.30793290E+00 -2.67126146E+03  8.06924966E-01  3.86995904E+01  2.27606389E-02 -1.13815362E+02  7.29239194E-02 -7.51157712E+01  8.53263577E-02  4.59764308E+01  6.56004423E-02  2.11438914E+03  6.04615565E+00  1.82837570E-02  2.60877711E-05  7.96250926E-01  7.45752443E-03
 -1.80000000E+01  1.73059864E+03  2.25283177E+00 -5.19493805E+03  2.85928874E+00 -4.28928341E+03  9.13758004E-01 -8.86049940E+02  1.99347451E+00 -3.46433941E+03  1.11232596E+00 -2.65604750E+03  8.39574427E-01  3.85389538E+01  2.41668659E-02 -1.15703198E+02  6.18211960E-02 -7.71642447E+01  6.56751766E-02  4.49051058E+01  4.77353259E-02  2.01701916E+03  4.30540230E+00  1.78577160E-02  1.89832276E-05  6.93120856E-01  5.45008858E-03
 -1.90000000E+01  1.73272063E+03  1.77829128E+00 -5.16428572E+03  2.38772249E+00 -4.28044750E+03  7.73294340E-01 -8.63541134E+02  1.65873104E+00 -3.43156509E+03  1.08930627E+00 -2.58037907E+03  7.80948967E-01  3.86774485E+01  2.16830644E-02 -1.15290590E+02  4.44327054E-02 -7.66131415E+01  4.69200822E-02  4.47992643E+01  3.71034074E-02  2.00748381E+03  3.33663324E+00  1.78156253E-02  1.47551616E-05  7.08074698E-01  5.86496029E-03
 -2.00000000E+01  1.70226303E+03  1.30956675E+00 -5.15090379E+03  1.40924449E+00 -4.27704238E+03  5.70694432E-01 -8.54598870E+02  9.50864483E-01 -3.44864076E+03  8.11134942E-01 -2.56676794E+03  7.39238452E-01  3.86060203E+01  2.08691658E-02 -1.16827177E+02  3.21730598E-02 -7.82211572E+01  3.55106564E-02  4.40936408E+01  2.23617335E-02  1.94456128E+03  1.98869820E+00  1.75350152E-02  8.89274071E-06  7.47383016E-01  7.26106588E-03
 -2.10000000E+01  1.93312767E+03  1.47102820E+00 -5.35300488E+03  1.57782779E+00 -4.52223858E+03  6.96421693E-01 -8.03864942E+02  9.95852449E-01 -3.41987721E+03  9.71874883E-01 -2.45662503E+03  8.77306191E-01  4.21452512E+01  2.28006877E-02 -1.16715713E+02  2.51519978E-02 -7.45704617E+01  3.26325478E-02  4.58691517E+01  2.18692330E-02  2.10447175E+03  2.00611173E+00  1.82410946E-02  8.69688502E-06  5.68912061E-01  6.57199176E-03
 -2.20000000E+01  1.66172262E+03  1.99724596E+00 -5.08693552E+03  2.79199219E+00 -4.25851996E+03  9.72405154E-01 -8.09675925E+02  2.02186207E+00 -3.42521290E+03  1.11994712E+00 -2.48012177E+03  7.02631327E-01  3.86862976E+01  2.09408176E-02 -1.18450581E+02  6.71268623E-02 -7.97642831E+01  6.67155603E-02  4.29586876E+01  4.67014444E-02  1.84647269E+03  3.99350178E+00  1.70836707E-02  1.85720787E-05  8.01027542E-01  5.09300763E-03
 -2.30000000E+01  1.62898153E+03  2.39831559E+00 -5.02575422E+03  3.65574965E+00 -4.23765596E+03  1.22828088E+00 -7.69929290E+02  2.42749069E+00 -3.39677268E+03  1.56987363E+00 -2.43599430E+03  7.43769591E-01  3.90081125E+01  2.12296888E-02 -1.20396208E+02  1.03092574E-01 -8.13880959E+01  9.65935220E-02  4.17729734E+01  6.57612378E-02  1.74708093E+03  5.49479910E+00  1.66121398E-02  2.61517146E-05  6.50449282E-01  6.32984652E-03
 -2.40000000E+01  1.52019658E+03  3.59829991E+00 -4.79431111E+03  8.18491551E+00 -4.15747048E+03  3.00813887E+00 -6.20272606E+02  5.11923382E+00 -3.27411453E+03  4.65862888E+00 -2.39265110E+03  5.18535599E-01  4.16601622E+01  1.32693078E-01 -1.31543035E+02  4.98858360E-01 -8.98828724E+01  3.67406501E-01  3.67276432E+01  1.90301194E-01  1.36304280E+03  1.35663328E+01  1.46057293E-02  7.56783580E-05  6.95661306E-01  2.64593077E-03
 -2.50000000E+01  1.68507380E+03  2.50985473E+00 -4.82148075E+03  5.86268707E+00 -4.34173760E+03  2.34042080E+00 -4.56529732E+02  3.52350387E+00 -3.13640695E+03  3.42921578E+00 -2.27572479E+03  5.22070565E-01  4.92540321E+01  1.16616996E-01 -1.40979649E+02  3.60945290E-01 -9.17256171E+01  2.45606155E-01  3.44272864E+01  1.35963480E-01  1.19699835E+03  9.76541038E+00  1.36909310E-02  5.40695131E-05  6.56358356E-01  2.75912531E-03
 -2.60000000E+01  1.38430564E+03  3.69220991E-01 -4.45420137E+03  2.94295458E-01 -4.02636947E+03  1.73520091E-01 -4.13523133E+02  2.08012093E-01 -3.06989574E+03  3.29599328E-01 -2.33439826E+03  3.18400229E-01  4.89498034E+01  1.31717682E-02 -1.57503952E+02  2.31280289E-02 -1.08554149E+02  2.01484305E-02  2.82883644E+01  5.36007461E-03  8.00553458E+02  3.09928846E-01  1.12496245E-02  2.13157691E-06  6.79277808E-01  4.62383006E-04
 -2.70000000E+01  1.38229250E+03  3.40539243E-01 -4.44772198E+03  1.89693782E-01 -4.02340889E+03  1.49011235E-01 -4.10033989E+02  1.17025586E-01 -3.06542948E+03  3.11132824E-01 -2.30660412E+03  3.08641510E-01  4.91885099E+01  1.22472201E-02 -1.58271994E+02  1.11100133E-02 -1.09083484E+02  1.30185959E-02  2.81046429E+01  2.16879798E-03  7.89979282E+02  1.24197850E-01  1.11765627E-02  8.62480406E-07  6.55114070E-01  3.53869612E-04
 -2.80000000E+01  1.38089712E+03  3.75583812E-01 -4.44505388E+03  1.71157347E-01 -4.02203877E+03  1.51524756E-01 -4.08823243E+02  9.87936899E-02 -3.06415676E+03  3.45179805E-01 -2.27909883E+03  3.42693595E-01  4.92530206E+01  1.36883089E-02 -1.58543860E+02  7.64082601E-03 -1.09290839E+02  1.25568651E-02  2.80377832E+01  1.15546287E-03  7.86156260E+02  6.60263302E-02  1.11499742E-02  4.59500529E-07  6.46265724E-01  3.18676817E-04
 -2.90000000E+01  1.38094808E+03  3.41888065E-01 -4.44452443E+03  1.79552679E-01 -4.02221241E+03  1.50333325E-01 -4.08045316E+02  9.03263560E-02 -3.06357635E+03  3.09536779E-01 -2.25114442E+03  3.15117799E-01  4.92939961E+01  1.18463663E-02 -1.58650896E+02  6.64610510E-03 -1.09356900E+02  1.20649663E-02  2.80148944E+01  8.23494787E-04  7.84849351E+02  4.69994801E-02  1.11408718E-02  3.27484446E-07  6.87935595E-01  2.89796234E-04
 -3.00000000E+01  1.38141457E+03  3.43957921E-01 -4.44431540E+03  1.52770348E-01 -4.02202842E+03  1.26528329E-01 -4.08018159E+02  8.28733303E-02 -3.06290083E+03  2.79883831E-01 -2.22273612E+03  2.79993056E-01  4.93268099E+01  1.22560569E-02 -1.58695256E+02  5.74238849E-03 -1.09368446E+02  1.00641819E-02  2.80054902E+01  3.46236003E-04  7.84312971E+02  1.97372591E-02  1.11371320E-02  1.37689765E-07  6.93987968E-01  2.83382782E-04
 -3.10000000E+01  1.38714144E+03  3.52723422E+00 -4.44912949E+03  2.87417834E+00 -4.02826525E+03  3.67058356E+00 -4.06407872E+02  9.28621137E-01 -3.06198805E+03  7.08844596E-01 -2.19239472E+03  1.58728939E+00  4.94424512E+01  6.95631611E-02 -1.58613286E+02  6.10693388E-02 -1.09170835E+02  1.29898066E-01  2.80513975E+01  2.95406670E-02  7.86975913E+02  1.71214149E+00  1.11553883E-02  1.17476351E-05  7.09949857E-01  3.89863646E-04
 -3.20000000E+01  1.38077855E+03  3.04076866E-01 -4.44381501E+03  1.57246458E-01 -4.02179454E+03  1.33409255E-01 -4.07825436E+02  1.02271051E-01 -3.06303646E+03  2.91375693E-01 -2.16701485E+03  2.91567560E-01  4.93123567E+01  1.08516577E-02 -1.58703957E+02  5.65501908E-03 -1.09391600E+02  1.04336236E-02  2.80006751E+01  1.04831098E-04  7.84038478E+02  5.97537261E-03  1.11352172E-02  4.16887864E-08  6.90483765E-01  2.53478320E-04
 -3.30000000E+01  1.38111409E+03  2.99713983E-01 -4.44413724E+03  1.50172308E-01 -4.02193459E+03  1.38917701E-01 -4.07973605E+02  7.95093183E-02 -3.06302315E+03  2.92894321E-01 -2.13901271E+03  2.93038398E-01  4.93249594E+01  1.07022793E-02 -1.58717444E+02  5.37122777E-03 -1.09392484E+02  1.04783943E-02  2.80003164E+01  6.13339781E-05  7.84018035E+02  3.49603675E-03  1.11350745E-02  2.43910006E-08  7.11382673E-01  2.62846970E-04
 -3.40000000E+01  1.39667011E+03  6.96047633E+00 -4.45664553E+03  5.84337714E+00 -4.03883214E+03  7.38302771E+00 -4.03011982E+02  1.99754072E+00 -3.05997542E+03  1.50263354E+00 -2.10353861E+03  3.28940195E+00  4.96304582E+01  1.36345360E-01 -1.58444235E+02  1.19779489E-01 -1.08813776E+02  2.54878996E-01  2.81304943E+01  5.85096757E-02  7.91556739E+02  3.39122684E+00  1.11868432E-02  2.32679348E-05  7.27793055E-01  5.21420699E-04
 -3.50000000E+01  1.38175315E+03  2.83989175E-01 -4.44411257E+03  1.54150449E-01 -4.02178404E+03  1.40671207E-01 -4.08113477E+02  8.12491934E-02 -3.06235941E+03  2.69876538E-01 -2.08235708E+03  2.69900048E-01  4.93482106E+01  1.01400540E-02 -1.58717939E+02  5.51286178E-03 -1.09369728E+02  9.64121096E-03  2.80000667E+01  2.38900320E-05  7.84003800E+02  1.36173183E-03  1.11349752E-02  9.50049046E-09  7.44686097E-01  2.13191435E-04
 -3.60000000E+01  1.38104481E+03  2.93263008E-01 -4.44423802E+03  1.52148622E-01 -4.02191117E+03  1.30484482E-01 -4.08153505E+02  7.90371091E-02 -3.06319321E+03  2.76032781E-01 -2.05519282E+03  2.76012930E-01  4.93230115E+01  1.04742786E-02 -1.58722727E+02  5.43555644E-03 -1.09399716E+02  9.85597258E-03  2.80000107E+01  7.58577573E-06  7.84000610E+02  4.32389217E-04  1.11349530E-02  3.01667276E-09  7.58564443E-01  2.08752721E-04
 -3.70000000E+01  1.38094645E+03  2.88384696E-01 -4.44417179E+03  1.51506048E-01 -4.02184615E+03  1.33727505E-01 -4.08110536E+02  8.16747366E-02 -3.06322534E+03  2.67284113E-01 -2.02722421E+03  2.67305009E-01  4.93194617E+01  1.02992902E-02 -1.58720252E+02  5.41515509E-03 -1.09400790E+02  9.54848678E-03  2.80000305E+01  2.16185945E-05  7.84001740E+02  1.23225988E-03  1.11349608E-02  8.59720518E-09  6.83830513E-01  2.31705138E-04
 -3.80000000E+01  1.38126072E+03  3.00891097E-01 -4.44399602E+03  1.62571024E-01 -4.02186611E+03  1.39761903E-01 -4.07862513E+02  8.99720246E-02 -3.06273530E+03  3.07165959E-01 -1.99873527E+03  3.07166246E-01  4.93307389E+01  1.07460962E-02 -1.58714140E+02  5.80592354E-03 -1.09383401E+02  1.09702412E-02  2.80000006E+01  6.51041667E-07  7.84000037E+02  3.71093750E-05  1.11349490E-02  2.58886719E-10  6.93196501E-01  2.24083194E-04
 -3.90000000E+01  1.38085418E+03  2.82732198E-01 -4.44392753E+03  1.70114893E-01 -4.02175879E+03  1.41691168E-01 -4.07993665E+02  8.12954553E-02 -3.06307335E+03  2.63647997E-01 -1.97107335E+03  2.63647997E-01  4.93162206E+01  1.00975785E-02 -1.58711698E+02  6.07553279E-03 -1.09395477E+02  9.41599999E-03  2.80000000E+01  0.00000000E+00  7.84000000E+02  0.00000000E+00  1.11349487E-02  5.56619753E-18  6.85398594E-01  2.30277786E-04
 -4.00000000E+01  1.38078815E+03  2.81979816E-01 -4.44402640E+03  1.56506951E-01 -4.02174249E+03  1.35881419E-01 -4.08042275E+02  8.46287254E-02 -3.06323825E+03  2.71729773E-01 -1.94323825E+03  2.71729773E-01  4.93138625E+01  1.00707077E-02 -1.58715228E+02  5.58953450E-03 -1.09401366E+02  9.70463468E-03  2.80000000E+01  0.00000000E+00  7.84000000E+02  0.00000000E+00  1.11349487E-02  5.69905685E-18  6.97613384E-01  2.23928210E-04
 -4.10000000E+01  1.08085278E+03  2.90956920E-01 -3.96748567E+03  1.42960704E-01 -3.60562727E+03  1.16123398E-01 -3.53239476E+02  7.03030969E-02 -2.88663289E+03  2.59591508E-01 -1.86163289E+03  2.59591508E-01  4.32341113E+01  1.16382765E-02 -1.58699427E+02  5.71842732E-03 -1.15465316E+02  1.03836617E-02  2.50000000E+01  0.00000000E+00  6.25000000E+02  0.00000000E+00  9.94191844E-03  1.13148074E-17  7.56536712E-01  3.00100698E-04
 -4.20000000E+01  1.38095444E+03  2.89062033E-01 -4.44398623E+03  1.50579400E-01 -4.02174042E+03  1.33031888E-01 -4.08029518E+02  8.10665651E-02 -3.06303178E+03  2.86706738E-01 -1.88703178E+03  2.86706738E-01  4.93198016E+01  1.03236441E-02 -1.58713794E+02  5.37783537E-03 -1.09393992E+02  1.02395266E-02  2.80000000E+01  0.00000000E+00  7.84000000E+02  0.00000000E+00  1.11349487E-02  5.82023607E-18  6.92863633E-01  2.27429295E-04
 -4.30000000E+01  1.38069831E+03  3.12249221E-01 -4.44379597E+03  2.04502166E-01 -4.02156848E+03  1.51681637E-01 -4.07986033E+02  9.30538093E-02 -3.06309765E+03  3.17754771E-01 -1.85911844E+03  3.09711755E-01  4.93114783E+01  1.11412753E-02 -1.58709721E+02  5.78067864E-03 -1.09398243E+02  1.07030439E-02  2.79995167E+01  4.87367021E-04  7.83973416E+02  2.68051862E-02  1.11347565E-02  1.93814594E-07  6.53065272E-01  2.84683292E-04
 -4.40000000E+01  1.08020522E+03  2.52125671E-01 -3.96730811E+03  1.60894734E-01 -3.60532418E+03  1.35555947E-01 -3.53299604E+02  7.66920641E-02 -2.88710289E+03  2.14991271E-01 -1.78710289E+03  2.14991271E-01  4.32082088E+01  1.00850267E-02 -1.58692324E+02  6.43578983E-03 -1.15484115E+02  8.59965043E-03  2.50000000E+01  0.00000000E+00  6.25000000E+02  0.00000000E+00  9.94191844E-03  1.10986578E-17  6.67218046E-01  3.51435843E-04
 -4.50000000E+01  1.38076882E+03  3.21472333E-01 -4.44394550E+03  1.50381787E-01 -4.02182471E+03  1.31222394E-01 -4.07869406E+02  8.15750879E-02 -3.06317668E+03  2.88113967E-01 -1.80317668E+03  2.88113967E-01  4.93131722E+01  1.14811545E-02 -1.58712339E+02  5.37077803E-03 -1.09399167E+02  1.02897846E-02  2.80000000E+01  0.00000000E+00  7.84000000E+02  0.00000000E+00  1.11349487E-02  5.67162715E-18  6.73401160E-01  2.51898265E-04
 -4.60000000E+01  1.38085530E+03  3.11529211E-01 -4.44405491E+03  1.76604207E-01 -4.02183407E+03  1.41025011E-01 -4.07980621E+02  9.47510431E-02 -3.06319961E+03  2.87974008E-01 -1.77521153E+03  2.87397902E-01  4.93167032E+01  1.11083036E-02 -1.58717704E+02  6.17752205E-03 -1.09401001E+02  1.02563709E-02  2.79997410E+01  2.18593692E-04  7.83985755E+02  1.20226531E-02  1.11348457E-02  8.69296456E-08  6.82110656E-01  3.15245445E-04
 -4.70000000E+01  1.38117812E+03  1.33069867E+00 -4.44350215E+03  1.97830072E+00 -4.02212056E+03  1.60810584E+00 -4.07126849E+02  5.14495255E-01 -3.06232403E+03  1.05109562E+00 -1.74620174E+03  8.17775019E-01  4.93197127E+01  2.70117278E-02 -1.58683056E+02  2.11192444E-02 -1.09363344E+02  4.07791825E-02  2.80026018E+01  1.21305603E-02  7.84193161E+02  6.79994920E-01  1.11359834E-02  4.82404153E-06  6.89995026E-01  4.52246334E-04
 -4.80000000E+01  1.38322406E+03  6.04113420E-01 -4.41291177E+03  9.90205805E-01 -4.01251478E+03  7.99490147E-01 -3.85368878E+02  2.07812106E-01 -3.02968771E+03  5.27329397E-01 -1.68606567E+03  3.22708526E-01  4.94143015E+01  1.36045826E-02 -1.57648195E+02  6.02112260E-03 -1.08233893E+02  1.23910216E-02  2.79921257E+01  5.90973135E-03  7.83566916E+02  3.25035224E-01  1.11318173E-02  2.35016306E-06  6.95794531E-01  5.59696849E-04
 -4.90000000E+01  1.38344939E+03  3.37831360E-01 -4.41389982E+03  2.38508987E-01 -4.01311535E+03  1.96068864E-01 -3.85769475E+02  9.37558537E-02 -3.03045043E+03  3.02175940E-01 -1.65852124E+03  2.92817956E-01  4.94113917E+01  1.17588166E-02 -1.57647396E+02  6.03286899E-03 -1.08236004E+02  1.04184157E-02  2.79985551E+01  9.71182142E-04  7.83920530E+02  5.34150178E-02  1.11343741E-02  3.86216617E-07  7.03749387E-01  4.91538469E-04
 -5.00000000E+01  1.38142398E+03  2.87086985E-01 -4.44431161E+03  1.69788223E-01 -4.02196823E+03  1.41141866E-01 -4.08117065E+02  8.65862777E-02 -3.06288763E+03  2.76978142E-01 -1.66288763E+03  2.76978142E-01  4.93365707E+01  1.02531066E-02 -1.58725415E+02  6.06386500E-03 -1.09388844E+02  9.89207674E-03  2.80000000E+01  0.00000000E+00  7.84000000E+02  0.00000000E+00  1.11349487E-02  6.23164989E-18  7.13587128E-01  3.54643098E-04
 -5.10000000E+01  1.37803301E+03  2.52041806E+00 -4.43792193E+03  4.74734351E+00 -4.01696491E+03  3.78159518E+00 -4.06825564E+02  9.32986214E-01 -3.05988893E+03  2.25546566E+00 -1.63382563E+03  8.63170762E-01  4.92781847E+01  4.46924099E-02 -1.58711221E+02  1.39559652E-02 -1.09433037E+02  3.24188689E-02  2.79620255E+01  2.78266514E-02  7.81948294E+02  1.50268323E+00  1.11198471E-02  1.10660123E-05  7.20231032E-01  4.25838987E-04
 -5.20000000E+01  1.38127518E+03  2.80127429E-01 -4.44439768E+03  1.56127333E-01 -4.02208419E+03  1.31065088E-01 -4.08097562E+02  7.88343482E-02 -3.06312250E+03  2.67610236E-01 -1.60714443E+03  2.67158146E-01  4.93319758E+01  9.96756467E-03 -1.58730865E+02  5.30541663E-03 -1.09398889E+02  9.54900323E-03  2.79995783E+01  3.12000870E-04  7.83976804E+02  1.71600478E-02  1.11347810E-02  1.24075521E-07  7.26783523E-01  4.49830222E-04
 -5.30000000E+01  1.38133191E+03  3.24083386E-01 -4.44404966E+03  2.30962022E-01 -4.02199383E+03  1.89071403E-01 -4.07827276E+02  9.10952384E-02 -3.06271775E+03  3.41060382E-01 -1.57880651E+03  3.31530096E-01  4.93361597E+01  1.12816295E-02 -1.58725490E+02  5.56190619E-03 -1.09389331E+02  1.17346930E-02  2.79983254E+01  8.91747984E-04  7.83907895E+02  4.90461391E-02  1.11342827E-02  3.54627513E-07  7.46128181E-01  4.89757313E-04
 -5.40000000E+01  1.35408005E+03  1.06190240E+01 -4.40091247E+03  1.70685696E+01 -3.98468405E+03  1.47917986E+01 -4.02484954E+02  2.12395651E+00 -3.04683242E+03  6.48626189E+00 -1.54945938E+03  9.48183459E-01  4.87816575E+01  2.13952329E-01 -1.58709637E+02  1.44827148E-02 -1.09927979E+02  2.10511325E-01  2.77291303E+01  1.06773771E-01  7.69609781E+02  5.66686650E+00  1.10272301E-02  4.24614466E-05  7.39479852E-01  5.92446968E-04
 -5.50000000E+01  1.38116733E+03  3.16833266E-01 -4.44385518E+03  3.29211681E-01 -4.02175072E+03  2.45954015E-01 -4.07849773E+02  1.24240521E-01 -3.06268786E+03  3.06357326E-01 -1.52287173E+03  2.85155751E-01  4.93331335E+01  1.06611547E-02 -1.58727953E+02  5.90009719E-03 -1.09394819E+02  1.00600555E-02  2.79966568E+01  1.55757979E-03  7.83816126E+02  8.56668887E-02  1.11336192E-02  6.19413339E-07  7.43827921E-01  6.52234730E-04
 -5.60000000E+01  1.38039196E+03  3.47423553E-01 -4.44298030E+03  4.85427010E-01 -4.02108584E+03  3.75563620E-01 -4.07661060E+02  1.45308400E-01 -3.06258834E+03  3.65774517E-01 -1.49489477E+03  2.90304247E-01  4.93090720E+01  1.05663174E-02 -1.58708692E+02  6.44555845E-03 -1.09399620E+02  9.64326838E-03  2.79945281E+01  2.37586371E-03  7.83699045E+02  1.30672504E-01  1.11327727E-02  9.44825893E-07  6.51645675E-01  7.40139663E-04
 -5.70000000E+01  1.08751053E+03  3.53724303E+00 -3.97442254E+03  4.08298550E+00 -3.61308004E+03  4.32562229E+00 -3.52546798E+02  3.40749089E-01 -2.88691201E+03  5.85002584E-01 -1.45899890E+03  1.18041599E+00  4.34061529E+01  8.61762455E-02 -1.58654225E+02  2.72634754E-02 -1.15248072E+02  1.12688533E-01  2.50511072E+01  3.00896963E-02  6.27606471E+02  1.53457441E+00  9.96224259E-03  1.19659729E-05  7.55541243E-01  4.56130743E-04
 -5.80000000E+01  1.04919438E+03  2.18420304E+01 -3.89788533E+03  3.60076625E+01 -3.54709132E+03  3.13633031E+01 -3.42530161E+02  4.26158159E+00 -2.84869094E+03  1.41715063E+01 -1.42245260E+03  1.18262929E+00  4.25074007E+01  4.48463259E-01 -1.58508826E+02  1.64249657E-02 -1.16001425E+02  4.36480324E-01  2.45903163E+01  2.25024420E-01  6.06650608E+02  1.16963242E+01  9.77899677E-03  8.94869801E-05  6.62083381E-01  4.39956885E-04
 -5.90000000E+01  1.08150667E+03  3.00727258E-01 -3.96768110E+03  1.37420822E-01 -3.60592682E+03  1.17027024E-01 -3.53094904E+02  7.81104409E-02 -2.88617443E+03  2.36970294E-01 -1.41117443E+03  2.36970294E-01  4.32602669E+01  1.20290905E-02 -1.58707244E+02  5.49683287E-03 -1.15446977E+02  9.47881164E-03  2.50000000E+01  0.00000000E+00  6.25000000E+02  0.00000000E+00  9.94191844E-03  1.11593781E-17  8.90534338E-01  2.90427438E-04
 -6.00000000E+01  1.13709955E+03  1.88076083E+01 -4.05674054E+03  2.98673115E+01 -3.68378381E+03  2.61076265E+01 -3.63289522E+02  3.40946137E+00 -2.91964098E+03  1.10640552E+01 -1.38583639E+03  3.45953778E-01  4.43732865E+01  3.81398026E-01 -1.58693066E+02  7.80538381E-03 -1.14319780E+02  3.81148738E-01  2.55634098E+01  1.88149501E-01  6.54852352E+02  9.97048723E+00  1.01659734E-02  7.48226826E-05  6.76447421E-01  5.75551123E-04
 -6.10000000E+01  9.93752943E+02  1.31821026E+00 -3.80610125E+03  1.84923328E+00 -3.46707229E+03  1.75786177E+00 -3.31796973E+02  8.74756870E-02 -2.81234831E+03  5.81249210E-01 -1.34732573E+03  2.92324727E-01  4.13741020E+01  3.17163511E-02 -1.58477315E+02  5.85097929E-03 -1.17103213E+02  3.55114263E-02  2.40167636E+01  1.22751235E-02  5.76837756E+02  6.13689505E-01  9.55090818E-03  4.88153120E-06  6.79742573E-01  2.45110317E-04
 -6.20000000E+01  9.91542495E+02  2.52162720E-01 -3.80372437E+03  1.35410722E-01 -3.46478378E+03  9.96263098E-02 -3.31730939E+02  6.37191003E-02 -2.81218187E+03  2.29990655E-01 -1.32418187E+03  2.29990655E-01  4.13142706E+01  1.05067800E-02 -1.58488515E+02  5.64211383E-03 -1.17174245E+02  9.58294392E-03  2.40000000E+01  0.00000000E+00  5.76000000E+02  0.00000000E+00  9.54424170E-03  1.18879043E-17  6.84831572E-01  1.93589962E-04
 -6.30000000E+01  9.91841414E+02  2.11639521E-01 -3.80377217E+03  1.22608759E-01 -3.46485734E+03  9.63445659E-02 -3.31660684E+02  5.55200590E-02 -2.81193076E+03  2.06419549E-01 -1.29993076E+03  2.06419549E-01  4.13267256E+01  8.81831356E-03 -1.58490507E+02  5.10869778E-03 -1.17163782E+02  8.60081402E-03  2.40000000E+01  0.00000000E+00  5.76000000E+02  0.00000000E+00  9.54424170E-03  1.18853852E-17  6.90229634E-01  2.54292307E-04
 -6.40000000E+01  1.07949855E+03  8.09005529E-01 -3.96466087E+03  1.63368103E+00 -3.60344897E+03  1.28134385E+00 -3.52571694E+02  3.47815211E-01 -2.88516232E+03  9.04985961E-01 -1.28620396E+03  3.62170134E-01  4.32071790E+01  1.87726987E-02 -1.58689399E+02  8.64109177E-03 -1.15482220E+02  1.25491583E-02  2.49837244E+01  9.32724163E-03  6.24202496E+02  4.57034840E-01  9.93544602E-03  3.70922704E-06  8.35707274E-01  7.19893921E-04
 -6.50000000E+01  1.06467420E+03  7.43078864E+00 -3.93637121E+03  1.43744258E+01 -3.57940079E+03  1.21515833E+01 -3.48565036E+02  2.10974725E+00 -2.87169701E+03  6.95267960E+00 -1.25925855E+03  1.15514841E+00  4.28945963E+01  1.55076755E-01 -1.58680333E+02  9.76296617E-03 -1.15785737E+02  1.47453648E-01  2.48067454E+01  8.94910534E-02  6.15721627E+02  4.29551578E+00  9.86506560E-03  3.55885099E-05  6.99411634E-01  7.53156876E-04
 -6.60000000E+01  1.03425910E+03  1.09150553E+01 -3.87659665E+03  2.10068469E+01 -3.52890576E+03  1.77517230E+01 -3.39782261E+02  3.08580526E+00 -2.84233754E+03  1.00966886E+01 -1.22967507E+03  1.47974636E+00  4.22705704E+01  2.28731720E-01 -1.58651151E+02  1.22173846E-02 -1.16380581E+02  2.17684004E-01  2.44342799E+01  1.30770487E-01  5.97840510E+02  6.27669305E+00  9.71694470E-03  5.20043803E-05  7.01922696E-01  9.28337148E-04
 -6.70000000E+01  9.37185794E+02  7.36259061E+00 -3.68954622E+03  1.42453846E+01 -3.37085867E+03  1.20543268E+01 -3.12316015E+02  2.07289429E+00 -2.75236043E+03  6.88799464E+00 -1.19326013E+03  9.50295292E-01  4.02401650E+01  1.53333461E-01 -1.58551292E+02  8.59695657E-03 -1.18311127E+02  1.47217705E-01  2.32701538E+01  8.88860718E-02  5.41961505E+02  4.26515542E+00  9.25399884E-03  3.53479228E-05  7.00911445E-01  7.14180280E-04
 -6.80000000E+01  9.99831566E+02  4.02283968E+00 -3.81716813E+03  6.59310031E+00 -3.47662176E+03  5.76848453E+00 -3.33188828E+02  7.57806423E-01 -2.81733656E+03  2.58764508E+00 -1.17958026E+03  3.35497677E-01  4.14864683E+01  8.33923680E-02 -1.58489112E+02  5.08510727E-03 -1.17002643E+02  8.20244350E-02  2.40846515E+01  4.13393998E-02  5.80390930E+02  2.14549909E+00  9.57790563E-03  1.64397181E-05  7.11418383E-01  3.97182840E-04
 -6.90000000E+01  9.51443299E+02  9.44444366E+00 -3.71696417E+03  1.81863536E+01 -3.39388953E+03  1.53826736E+01 -3.16478484E+02  2.65582788E+00 -2.76552088E+03  8.74684088E+00 -1.14805624E+03  9.65281334E-01  4.05369216E+01  1.98129555E-01 -1.58560544E+02  1.17587913E-02 -1.18023622E+02  1.87623414E-01  2.34415165E+01  1.13069695E-01  5.50188702E+02  5.42642665E+00  9.32214582E-03  4.49651870E-05  7.10645394E-01  5.26399819E-04
 -7.00000000E+01  9.15922745E+02  2.09843083E-01 -3.64658881E+03  1.01020880E-01 -3.33439166E+03  9.20320096E-02 -3.06184414E+02  4.99446624E-02 -2.73066606E+03  2.00492532E-01 -1.12066606E+03  2.00492532E-01  3.98227280E+01  9.12361228E-03 -1.58547339E+02  4.39221198E-03 -1.18724611E+02  8.71706675E-03  2.30000000E+01  0.00000000E+00  5.29000000E+02  0.00000000E+00  9.14656497E-03  5.10255104E-18  8.52503758E-01  2.01453591E-04
 -7.10000000E+01  9.93587077E+02  2.35068820E-01 -3.80466176E+03  1.27725579E-01 -3.46574865E+03  9.22675403E-02 -3.31682335E+02  6.85811602E-02 -2.81107468E+03  2.69085848E-01 -1.10707468E+03  2.69085848E-01  4.13994615E+01  9.79453389E-03 -1.58527573E+02  5.32189923E-03 -1.17128112E+02  1.12119094E-02  2.40000000E+01  0.00000000E+00  5.76000000E+02  0.00000000E+00  9.54424170E-03  1.15847866E-17  9.12763849E-01  1.22247354E-04
 -7.20000000E+01  9.14499370E+02  2.64143874E-01 -3.64607940E+03  1.17980550E-01 -3.33406261E+03  9.30550532E-02 -3.05980396E+02  5.87228076E-02 -2.73158003E+03  2.31436736E-01 -1.07558003E+03  2.31436736E-01  3.97608422E+01  1.14845163E-02 -1.58525192E+02  5.12959001E-03 -1.18764349E+02  1.00624664E-02  2.30000000E+01  0.00000000E+00  5.29000000E+02  0.00000000E+00  9.14656497E-03  8.58379882E-18  7.21064532E-01  3.13867394E-04
 -7.30000000E+01  9.92195030E+02  2.56255560E-01 -3.80398144E+03  1.06888357E-01 -3.46516931E+03  8.78343406E-02 -3.31596159E+02  5.54328572E-02 -2.81178641E+03  2.38590157E-01 -1.05978641E+03  2.38590157E-01  4.13414596E+01  1.06773151E-02 -1.58499227E+02  4.45368179E-03 -1.17157767E+02  9.94125692E-03  2.40000000E+01  0.00000000E+00  5.76000000E+02  0.00000000E+00  9.54424170E-03  1.13776377E-17  8.12312749E-01  1.82882973E-04
 -7.40000000E+01  9.91654524E+02  2.32428044E-01 -3.80382555E+03  1.08161311E-01 -3.46497099E+03  8.46530946E-02 -3.31599101E+02  6.19801815E-02 -2.81217103E+03  2.18025426E-01 -1.03617103E+03  2.18025425E-01  4.13189385E+01  9.68450180E-03 -1.58492731E+02  4.50672147E-03 -1.17173793E+02  9.08439243E-03  2.40000000E+01  0.00000000E+00  5.76000000E+02  0.00000000E+00  9.54424170E-03  1.15401696E-17  7.33454340E-01  2.38369841E-04
 -7.50000000E+01  9.14785139E+02  2.13395285E-01 -3.64624706E+03  1.03105870E-01 -3.33420445E+03  9.33139356E-02 -3.05968271E+02  5.29447849E-02 -2.73146192E+03  2.07368201E-01 -1.00646192E+03  2.07368201E-01  3.97732669E+01  9.27805589E-03 -1.58532481E+02  4.48286412E-03 -1.18759214E+02  9.01600917E-03  2.30000000E+01  0.00000000E+00  5.29000000E+02  0.00000000E+00  9.14656497E-03  5.96763315E-18  7.31476788E-01  2.75081760E-04
 -7.60000000E+01  9.92699231E+02  2.18318571E-01 -3.80395836E+03  1.23987942E-01 -3.46515533E+03  1.00756322E-01 -3.31600384E+02  5.73775687E-02 -2.81125913E+03  2.31462392E-01 -9.87287964E+02  2.26156997E-01  4.13631036E+01  9.09892073E-03 -1.58500756E+02  4.26899356E-03 -1.17137653E+02  9.36671079E-03  2.39996206E+01  3.88257576E-04  5.75982168E+02  1.82481061E-02  9.54409082E-03  1.54401001E-07  8.19331377E-01  2.43236906E-04
 -7.70000000E+01  9.91792378E+02  2.20847818E-01 -3.80373655E+03  1.06370465E-01 -3.46488940E+03  8.04941128E-02 -3.31620012E+02  5.84127363E-02 -2.81194417E+03  2.13215628E-01 -9.63944168E+02  2.13215627E-01  4.13246824E+01  9.20199230E-03 -1.58489023E+02  4.43210257E-03 -1.17164340E+02  8.88398428E-03  2.40000000E+01  0.00000000E+00  5.76000000E+02  0.00000000E+00  9.54424170E-03  1.14440494E-17  7.42399492E-01  2.79278000E-04
 -7.80000000E+01  9.14827126E+02  2.15149044E-01 -3.64629813E+03  1.27129529E-01 -3.33423622E+03  1.09473385E-01 -3.06010161E+02  5.23050428E-02 -2.73147100E+03  1.91834652E-01 -9.37471002E+02  1.91834644E-01  3.97750924E+01  9.35430627E-03 -1.58534701E+02  5.52737019E-03 -1.18759609E+02  8.34063720E-03  2.30000000E+01  0.00000000E+00  5.29000000E+02  0.00000000E+00  9.14656497E-03  5.34594193E-18  7.40343711E-01  2.75108046E-04
 -7.90000000E+01  9.14738262E+02  2.08172122E-01 -3.64608602E+03  1.20534140E-01 -3.33414033E+03  9.57138814E-02 -3.05862826E+02  5.83835964E-02 -2.73134776E+03  2.18521443E-01 -9.14358539E+02  2.15690598E-01  3.97714581E+01  9.08140540E-03 -1.58526414E+02  4.76555073E-03 -1.18754956E+02  9.32395465E-03  2.29998635E+01  1.36718750E-04  5.28993858E+02  6.15234375E-03  9.14651069E-03  5.43698669E-08  6.95982933E-01  4.30154363E-04
 -8.00000000E+01  9.15100368E+02  2.33829459E-01 -3.64616850E+03  1.14250803E-01 -3.33426355E+03  1.06829656E-01 -3.05840277E+02  6.51700930E-02 -2.73106814E+03  2.08778108E-01 -8.91074334E+02  2.08649513E-01  3.97871001E+01  1.01654767E-02 -1.58529595E+02  4.94650079E-03 -1.18742495E+02  9.07199964E-03  2.29999225E+01  7.86675347E-05  5.28996513E+02  3.54003906E-03  9.14653416E-03  3.12842491E-08  7.53672150E-01  3.79870831E-04
 -8.10000000E+01  9.15079889E+02  1.92251237E-01 -3.64627482E+03  9.43238413E-02 -3.33420964E+03  8.38343661E-02 -3.06034719E+02  4.94346127E-02 -2.73119493E+03  1.82897773E-01 -8.68209305E+02  1.82354349E-01  3.97863846E+01  8.34788636E-03 -1.58534905E+02  3.99512733E-03 -1.18748521E+02  7.92716100E-03  2.29998226E+01  1.37374915E-04  5.28992016E+02  6.18187119E-03  9.14649441E-03  5.46308089E-08  7.47201621E-01  3.97811833E-04
 -8.20000000E+01  9.14436477E+02  2.21388587E-01 -3.64586118E+03  1.73110015E-01 -3.33397353E+03  1.37348391E-01 -3.05835203E+02  6.21027408E-02 -2.73142471E+03  2.26800349E-01 -8.45502699E+02  2.08894506E-01  3.97596935E+01  9.54359120E-03 -1.58522222E+02  5.43239239E-03 -1.18762529E+02  8.93818114E-03  2.29990489E+01  7.09371715E-04  5.28957199E+02  3.19217272E-02  9.14618672E-03  2.82100632E-07  7.08658201E-01  4.71669924E-04
 -8.30000000E+01  9.15030377E+02  2.83809024E-01 -3.64606109E+03  2.78573306E-01 -3.33420867E+03  2.22702209E-01 -3.05818827E+02  1.20009030E-01 -2.73103072E+03  2.69114074E-01 -8.22227041E+02  2.31222092E-01  3.97878541E+01  1.16392339E-02 -1.58540603E+02  5.10848997E-03 -1.18752749E+02  1.00469518E-02  2.29976346E+01  1.38236552E-03  5.28893559E+02  6.22064486E-02  9.14562432E-03  5.49734616E-07  8.26897653E-01  5.74589895E-04
 -8.40000000E+01  9.16141029E+02  2.08129156E-01 -3.64683457E+03  1.61812824E-01 -3.33470762E+03  1.32304739E-01 -3.06105297E+02  5.81135525E-02 -2.73069354E+03  2.29443954E-01 -7.98768668E+02  2.08993830E-01  3.98337364E+01  8.95062868E-03 -1.58564154E+02  4.34003739E-03 -1.18730418E+02  9.03287058E-03  2.29991056E+01  6.19203115E-04  5.28959752E+02  2.78641402E-02  9.14620929E-03  2.46242677E-07  9.27149069E-01  2.78531707E-04
 -8.50000000E+01  9.13617967E+02  6.35757628E-01 -3.64236236E+03  1.53108692E+00 -3.33120410E+03  1.23125557E+00 -3.05122667E+02  3.08001232E-01 -2.72874439E+03  9.68456008E-01 -7.75591115E+02  2.61627660E-01  3.97587663E+01  1.40882171E-02 -1.58512722E+02  6.55824118E-03 -1.18753956E+02  9.91089679E-03  2.29782738E+01  8.99979587E-03  5.28026558E+02  4.01233143E-01  9.13792497E-03  3.57900948E-06  7.39593813E-01  8.90750153E-04
 -8.60000000E+01  9.14854004E+02  3.38548634E-01 -3.64429978E+03  7.42052558E-01 -3.33263978E+03  5.89937882E-01 -3.05609433E+02  1.57134127E-01 -2.72944578E+03  4.90316070E-01 -7.52571419E+02  2.11712101E-01  3.97982294E+01  1.00755180E-02 -1.58537656E+02  5.36162777E-03 -1.18739427E+02  8.88566551E-03  2.29869112E+01  4.25355947E-03  5.28411003E+02  1.91410176E-01  9.14135985E-03  1.69154166E-06  8.28875280E-01  6.97682823E-04
 -8.70000000E+01  9.12603847E+02  6.18022242E-01 -3.63971711E+03  1.50573129E+00 -3.32911488E+03  1.19744370E+00 -3.04563125E+02  3.08622095E-01 -2.72711327E+03  9.54516068E-01 -7.29326633E+02  2.76081529E-01  3.97402342E+01  1.44551224E-02 -1.58502104E+02  6.44495112E-03 -1.18761870E+02  1.04839350E-02  2.29630647E+01  8.84989561E-03  5.27343072E+02  3.96060249E-01  9.13187668E-03  3.51939764E-06  7.38098266E-01  1.40550196E-03
 -8.80000000E+01  9.09781955E+02  1.27041075E+00 -3.63267927E+03  3.27234518E+00 -3.32346739E+03  2.61529196E+00 -3.03208689E+02  6.44068303E-01 -2.72289731E+03  2.02387713E+00 -7.05844142E+02  4.06021614E-01  3.96871243E+01  2.44479128E-02 -1.58484248E+02  1.29368367E-02 -1.18797123E+02  1.45271338E-02  2.29210588E+01  1.90886882E-02  5.25462141E+02  8.53077450E-01  9.11517187E-03  7.59112729E-06  7.46455611E-01  1.71883738E-03
 -8.90000000E+01  9.03326080E+02  2.91077820E+00 -3.61597763E+03  7.31601033E+00 -3.30983086E+03  5.96101108E+00 -3.00196335E+02  1.32408886E+00 -2.71265155E+03  4.41645918E+00 -6.81433712E+02  6.28627737E-01  3.95666353E+01  5.75359219E-02 -1.58432086E+02  2.51791413E-02 -1.18865451E+02  3.32115953E-02  2.28226724E+01  4.28507913E-02  5.21111407E+02  1.89143841E+00  9.07604590E-03  1.70407630E-05  8.17814897E-01  1.99477133E-03
 -9.00000000E+01  8.80602039E+02  4.37681453E+00 -3.55707131E+03  1.10482123E+01 -3.26220999E+03  8.97984511E+00 -2.89194917E+02  2.02444534E+00 -2.67646927E+03  6.68128004E+00 -6.53774476E+02  8.27818941E-01  3.91494650E+01  8.42637406E-02 -1.58259224E+02  3.27145787E-02 -1.19109759E+02  5.24527435E-02  2.24743866E+01  6.53794345E-02  5.05667100E+02  2.89029192E+00  8.93754077E-03  2.59998804E-05  7.54163693E-01  3.03804878E-03
 -9.10000000E+01  8.58126793E+02  5.09115674E+00 -3.50291670E+03  1.26738848E+01 -3.21808887E+03  1.03674551E+01 -2.79350101E+02  2.25227541E+00 -2.64478991E+03  7.59112451E+00 -6.28600786E+02  8.16081767E-01  3.86836598E+01  1.02140790E-01 -1.58084704E+02  4.02705945E-02 -1.19401044E+02  6.29730953E-02  2.21559244E+01  7.47488908E-02  4.91668918E+02  3.27901372E+00  8.81089575E-03  2.97258952E-05  7.13073337E-01  3.33030135E-03
 -9.20000000E+01  8.36404771E+02  6.51990476E+00 -3.44713201E+03  1.61755663E+01 -3.17205887E+03  1.33531995E+01 -2.69890359E+02  2.75198200E+00 -2.61072723E+03  9.66330649E+00 -6.02787948E+02  8.67666013E-01  3.82622714E+01  1.33496078E-01 -1.57919063E+02  4.89065107E-02 -1.19656791E+02  8.62996032E-02  2.18254270E+01  9.59507156E-02  4.77314121E+02  4.15206333E+00  8.67946462E-03  3.81573678E-05  7.89869334E-01  2.45388981E-03
 -9.30000000E+01  7.86642121E+02  5.63185198E+00 -3.32407129E+03  1.38819294E+01 -3.06986938E+03  1.15904576E+01 -2.49557845E+02  2.23804771E+00 -2.53742917E+03  8.27459793E+00 -5.75684238E+02  6.47845620E-01  3.72397336E+01  1.20828636E-01 -1.57564998E+02  4.52387441E-02 -1.20325264E+02  7.76614442E-02  2.10940315E+01  8.24364086E-02  4.45727887E+02  3.52005539E+00  8.38860562E-03  3.27830422E-05  7.86414787E-01  2.29667874E-03
 -9.40000000E+01  7.66052509E+02  4.99921530E+00 -3.27004457E+03  1.27370554E+01 -3.02501767E+03  1.06858086E+01 -2.40659171E+02  1.98921825E+00 -2.50399206E+03  7.74270111E+00 -5.52287187E+02  4.99841419E-01  3.68570379E+01  1.02009505E-01 -1.57484095E+02  2.84243642E-02 -1.20627057E+02  7.52629581E-02  2.07628178E+01  7.72510922E-02  4.31678829E+02  3.23538028E+00  8.25688965E-03  3.07209625E-05  7.07676452E-01  2.37419402E-03
 -9.50000000E+01  7.38354899E+02  5.09343851E+00 -3.20505998E+03  1.23533790E+01 -2.96959411E+03  1.04994011E+01 -2.31452880E+02  1.80678871E+00 -2.46670508E+03  7.34098734E+00 -5.30196699E+02  4.16034367E-01  3.61943434E+01  1.20368636E-01 -1.57223017E+02  4.99163314E-02 -1.21028673E+02  7.83251854E-02  2.03842987E+01  7.40122281E-02  4.15895816E+02  3.07036211E+00  8.10636141E-03  2.94329416E-05  8.16283912E-01  2.38617385E-03
 -9.60000000E+01  7.23917814E+02  2.77462138E+00 -3.16784832E+03  6.46032295E+00 -2.93835541E+03  5.55337858E+00 -2.25661235E+02  9.11933482E-01 -2.44393050E+03  3.82119673E+00 -5.09222056E+02  2.13405795E-01  3.59097999E+01  7.56158513E-02 -1.57185362E+02  4.39988334E-02 -1.21275563E+02  4.41674274E-02  2.01532130E+01  3.88977167E-02  4.06300823E+02  1.59891443E+00  8.01446399E-03  1.54687172E-05  7.12015450E-01  2.44889859E-03
 -9.70000000E+01  7.12239998E+02  1.48031450E+00 -3.14500205E+03  2.60273308E+00 -2.91798062E+03  2.35909780E+00 -2.23297695E+02  3.79175484E-01 -2.43276205E+03  1.53977841E+00 -4.89134155E+02  2.53215482E-01  3.55424649E+01  6.16742409E-02 -1.56955552E+02  4.99855837E-02 -1.21413087E+02  1.85760885E-02  2.00374010E+01  1.49548136E-02  4.01537707E+02  6.13646470E-01  7.96840826E-03  5.94718154E-06  9.26544365E-01  1.41447281E-03
 -9.80000000E+01  7.18440576E+02  1.15599822E+00 -3.15246950E+03  2.93657805E+00 -2.92549826E+03  2.46784796E+00 -2.23230521E+02  4.85000964E-01 -2.43402893E+03  1.99195746E+00 -4.68417734E+02  2.25220904E-01  3.58153515E+01  3.78117774E-02 -1.57172377E+02  3.12686051E-02 -1.21357026E+02  1.99611932E-02  2.00572571E+01  1.93018332E-02  4.02354683E+02  7.92396427E-01  7.97630456E-03  7.67589012E-06  7.28630348E-01  3.23607935E-03
 -9.90000000E+01  7.15267332E+02  9.44639126E-01 -3.14530847E+03  1.47051268E+00 -2.91932118E+03  1.29983102E+00 -2.22288167E+02  2.35074939E-01 -2.43004114E+03  9.14310651E-01 -4.48495567E+02  2.27832280E-01  3.57338918E+01  4.48660120E-02 -1.57142189E+02  3.63375500E-02 -1.21408297E+02  1.29447974E-02  2.00156119E+01  8.76436993E-03  4.00646354E+02  3.58568347E-01  7.95974323E-03  3.48538606E-06  8.13253231E-01  2.39959724E-03
 -1.00000000E+02  7.07773953E+02  1.19397891E+00 -3.13715209E+03  1.39810960E+00 -2.91078298E+03  1.41627787E+00 -2.22673007E+02  2.05579513E-01 -2.42937814E+03  6.82729398E-01 -4.29137619E+02  2.72653505E-01  3.53828192E+01  5.66386656E-02 -1.56838086E+02  4.55626308E-02 -1.21455266E+02  1.45266864E-02  2.00024052E+01  6.04127320E-03  4.00117343E+02  2.45680787E-01  7.95449124E-03  2.40247382E-06  9.17871085E-01  1.54523442E-03
 -1.01000000E+02  7.07516797E+02  1.45287562E+00 -3.13464607E+03  2.19410483E+00 -2.90916676E+03  2.02607130E+00 -2.21812952E+02  3.34935646E-01 -2.42712927E+03  1.29366451E+00 -4.09303232E+02  4.16877003E-01  3.54122417E+01  6.57307971E-02 -1.56900192E+02  5.24881406E-02 -1.21487950E+02  1.94573562E-02  1.99784757E+01  1.06217279E-02  3.99160551E+02  4.14247387E-01  7.94497503E-03  4.22401401E-06  9.17244380E-01  2.16812643E-03
 -1.02000000E+02  7.00708656E+02  2.55504177E+00 -3.11868808E+03  6.03782323E+00 -2.89486206E+03  5.20839933E+00 -2.20239270E+02  8.77877825E-01 -2.41797943E+03  3.76758148E+00 -3.88710141E+02  4.62332958E-01  3.52138480E+01  8.19637553E-02 -1.56755513E+02  5.52803720E-02 -1.21541665E+02  3.38601538E-02  1.98947969E+01  3.49362349E-02  3.95897079E+02  1.36251316E+00  7.91169793E-03  1.38933277E-05  9.43259730E-01  1.89460591E-03
 -1.03000000E+02  7.09809477E+02  1.87974121E+00 -3.13377252E+03  3.39846330E+00 -2.90923899E+03  3.03359239E+00 -2.20890426E+02  4.45841974E-01 -2.42396304E+03  1.83111525E+00 -3.68693990E+02  3.87371382E-01  3.55683704E+01  7.30784082E-02 -1.57047117E+02  5.28900189E-02 -1.21478747E+02  2.37698464E-02  1.99540685E+01  1.69373999E-02  3.98209073E+02  6.60312123E-01  7.93526885E-03  6.73560980E-06  8.49652486E-01  4.15707355E-03
 -1.04000000E+02  7.03264572E+02  3.11862696E+00 -3.11276350E+03  7.15856178E+00 -2.89169168E+03  6.21771089E+00 -2.17476161E+02  9.29388541E-01 -2.40949893E+03  4.13725702E+00 -3.47469672E+02  3.41298878E-01  3.54558259E+01  9.29335958E-02 -1.56986921E+02  5.56717188E-02 -1.21531095E+02  3.95239298E-02  1.98272044E+01  3.95538158E-02  3.93265240E+02  1.54181332E+00  7.88481796E-03  1.57296322E-05  8.70371950E-01  4.43369955E-03
 -1.05000000E+02  7.01154999E+02  3.56785186E+00 -3.10873541E+03  8.39808064E+00 -2.88826562E+03  7.25706830E+00 -2.16911254E+02  1.12735814E+00 -2.40758041E+03  4.89863989E+00 -3.27999567E+02  3.45542206E-01  3.53863790E+01  1.01768431E-01 -1.56954677E+02  5.77163541E-02 -1.21568298E+02  4.68532836E-02  1.98055318E+01  4.70780345E-02  3.92420922E+02  1.83471814E+00  7.87619928E-03  1.87218388E-05  9.18505109E-01  3.06450823E-03
 -1.06000000E+02  7.04663517E+02  3.10754978E+00 -3.11230658E+03  7.43394548E+00 -2.89151672E+03  6.43358762E+00 -2.17201448E+02  9.77826022E-01 -2.40764307E+03  4.35810203E+00 -3.07429855E+02  2.96891641E-01  3.55496427E+01  8.70437748E-02 -1.57072791E+02  5.31279454E-02 -1.21523148E+02  3.61766962E-02  1.98133322E+01  4.10765251E-02  3.92729533E+02  1.59877221E+00  7.87930130E-03  1.63351782E-05  7.95668515E-01  4.32112775E-03
 -1.07000000E+02  6.72976744E+02  4.47876566E+00 -3.03452605E+03  1.10085755E+01 -2.82443767E+03  9.47185107E+00 -2.06730747E+02  1.50616915E+00 -2.36154931E+03  6.57012007E+00 -2.88239148E+02  3.69932601E-01  3.46997648E+01  1.20780769E-01 -1.56590117E+02  6.56661528E-02 -1.21890352E+02  5.71987191E-02  1.93767305E+01  6.24569017E-02  3.75797806E+02  2.41584877E+00  7.70567497E-03  2.48376565E-05  8.46772530E-01  5.05943648E-03
 -1.08000000E+02  6.61099965E+02  6.97909307E+00 -2.99631065E+03  1.92260926E+01 -2.79219646E+03  1.64625139E+01 -2.00916973E+02  2.70119452E+00 -2.33521068E+03  1.22996737E+01 -2.67998184E+02  3.68117076E-01  3.44860394E+01  1.66237214E-01 -1.56514451E+02  8.73131946E-02 -1.22028411E+02  8.16602203E-02  1.91408565E+01  1.12935393E-01  3.67150126E+02  4.25589603E+00  7.61187336E-03  4.49117784E-05  7.69773004E-01  7.40439497E-03
 -1.09000000E+02  5.70178975E+02  7.65937041E+00 -2.71889078E+03  2.53077221E+01 -2.55467550E+03  2.16360148E+01 -1.61938165E+02  3.58813468E+00 -2.14871180E+03  1.76602003E+01 -2.46908437E+02  4.23319102E-01  3.26025232E+01  1.40462080E-01 -1.55815333E+02  3.24378024E-02 -1.23212809E+02  1.13666754E-01  1.74477373E+01  1.59267469E-01  3.05967112E+02  5.58509454E+00  6.93855925E-03  6.33369679E-05  8.86370797E-01  2.41041370E-03
 -1.10000000E+02  5.32366261E+02  4.17482221E+00 -2.59366549E+03  1.44125544E+01 -2.44752873E+03  1.23444063E+01 -1.44339284E+02  2.01225526E+00 -2.06129922E+03  1.02471473E+01 -2.29013738E+02  2.31277452E-01  3.19149203E+01  7.05189336E-02 -1.55704652E+02  1.09763054E-02 -1.23789732E+02  6.60289976E-02  1.66571408E+01  9.20662298E-02  2.78388979E+02  3.17822605E+00  6.62415741E-03  3.66125981E-05  7.83097146E-01  3.60112258E-03
 -1.11000000E+02  5.09943385E+02  2.18178450E+00 -2.51693670E+03  7.23721403E+00 -2.38158062E+03  6.22285682E+00 -1.33817277E+02  9.88515753E-01 -2.00699331E+03  5.06594462E+00 -2.12441259E+02  1.99851930E-01  3.15299007E+01  4.13860283E-02 -1.55681929E+02  7.57818705E-03 -1.24152029E+02  4.01014170E-02  1.61671356E+01  4.63046297E-02  2.61614451E+02  1.58008653E+00  6.42929375E-03  1.84142742E-05  8.69483079E-01  1.49758987E-03
 -1.12000000E+02  5.04738702E+02  1.73137509E+00 -2.50081452E+03  5.51072292E+00 -2.36762050E+03  4.71158439E+00 -1.31728256E+02  7.82341419E-01 -1.99607582E+03  3.80484775E+00 -1.96975745E+02  2.65778928E-01  3.14146464E+01  3.67202091E-02 -1.55683207E+02  8.67376378E-03 -1.24268560E+02  3.23748349E-02  1.60633935E+01  3.48176681E-02  2.58157345E+02  1.21251478E+00  6.38803792E-03  1.38461767E-05  8.17482473E-01  1.07264484E-03
 -1.13000000E+02  5.04203824E+02  1.40096925E+00 -2.49718838E+03  4.37183776E+00 -2.36442529E+03  3.74721144E+00 -1.31297425E+02  6.05011105E-01 -1.99298456E+03  2.99364939E+00 -1.80193313E+02  2.56261886E-01  3.14242591E+01  3.06990177E-02 -1.55660974E+02  8.65908821E-03 -1.24236715E+02  2.81918551E-02  1.60424004E+01  2.77207943E-02  2.57436575E+02  9.51188243E-01  6.37968945E-03  1.10239151E-05  9.41650240E-01  6.58284866E-04
 -1.14000000E+02  5.02240024E+02  3.06654151E-01 -2.49203197E+03  5.37157134E-01 -2.36005722E+03  4.67218363E-01 -1.30539266E+02  7.41731278E-02 -1.98979194E+03  4.18734085E-01 -1.64855066E+02  2.44719987E-01  3.13734136E+01  1.52579555E-02 -1.55672074E+02  7.01432361E-03 -1.24298660E+02  1.61025414E-02  1.60082182E+01  3.52961859E-03  2.56271217E+02  1.16477778E-01  6.36609599E-03  1.40364721E-06  8.88610798E-01  5.96852030E-04
 -1.15000000E+02  5.01941372E+02  2.42891863E-01 -2.49088689E+03  1.05890425E-01 -2.35911444E+03  1.07938889E-01 -1.30339078E+02  1.47212609E-02 -1.98894552E+03  2.26273312E-01 -1.48938583E+02  2.24553750E-01  3.13712187E+01  1.52047773E-02 -1.55679845E+02  6.54761606E-03 -1.24308626E+02  1.40259445E-02  1.60000603E+01  5.21544837E-05  2.56002010E+02  1.71824976E-03  6.36285178E-03  2.07406258E-08  7.94538385E-01  6.19963331E-04
 -1.16000000E+02  5.01909600E+02  2.59892573E-01 -2.49082884E+03  1.21903171E-01 -2.35899825E+03  1.22038639E-01 -1.30400948E+02  1.64181121E-02 -1.98891924E+03  2.42415814E-01 -1.32899282E+02  2.43064135E-01  3.13689937E+01  1.62011489E-02 -1.55675125E+02  7.34577200E-03 -1.24306131E+02  1.51980478E-02  1.60001721E+01  1.85058234E-04  2.56005700E+02  6.10573673E-03  6.36289623E-03  7.35933553E-08  8.74442967E-01  5.28053840E-04
 -1.17000000E+02  5.02230853E+02  2.60720346E-01 -2.49040159E+03  1.41239856E-01 -2.35855801E+03  1.42037706E-01 -1.30391392E+02  1.79289480E-02 -1.98817074E+03  2.26799803E-01 -1.16175350E+02  2.28728245E-01  3.13894923E+01  1.62353832E-02 -1.55650483E+02  8.56102892E-03 -1.24260991E+02  1.43194014E-02  1.59999606E+01  3.36052649E-04  2.55999346E+02  1.09235382E-02  6.36281213E-03  1.33640321E-07  9.43964585E-01  3.91574652E-04
 -1.18000000E+02  5.02257622E+02  2.32501648E-01 -2.49110075E+03  1.24643168E-01 -2.35933061E+03  1.28014931E-01 -1.30355763E+02  1.55326811E-02 -1.98884312E+03  2.17295365E-01 -1.00872746E+02  2.16935258E-01  3.13915884E+01  1.45334956E-02 -1.55696222E+02  7.69096547E-03 -1.24304634E+02  1.35580687E-02  1.59997490E+01  8.13840950E-05  2.55992218E+02  2.52290694E-03  6.36272797E-03  3.23645608E-08  7.69295983E-01  6.06694978E-04
 -1.19000000E+02  5.02506079E+02  2.61474815E-01 -2.49073734E+03  1.40954827E-01 -2.35894363E+03  1.41590504E-01 -1.30330114E+02  1.76577598E-02 -1.98823126E+03  2.39771311E-01 -8.43082919E+01  2.37911043E-01  3.14078722E+01  1.63293770E-02 -1.55677347E+02  8.43183815E-03 -1.24269475E+02  1.48675392E-02  1.59993527E+01  2.04519298E-04  2.55979933E+02  6.34009822E-03  6.36257037E-03  8.13325658E-08  8.89489753E-01  4.61819144E-04
 -1.20000000E+02  5.02447453E+02  2.90637581E-01 -2.48940580E+03  3.81270564E-01 -2.35766703E+03  3.47777744E-01 -1.30330972E+02  4.19013576E-02 -1.98695834E+03  3.66030005E-01 -6.74319087E+01  2.59372624E-01  3.14105223E+01  1.74895799E-02 -1.55625890E+02  1.03446522E-02 -1.24215368E+02  1.61797784E-02  1.59960536E+01  1.85525798E-03  2.55877662E+02  5.75129974E-02  6.36125841E-03  7.37792927E-07  9.81008282E-01  2.06830691E-04
 -1.21000000E+02  5.01827257E+02  3.20084068E-01 -2.48889507E+03  6.34321475E-01 -2.35711851E+03  5.74086432E-01 -1.30307700E+02  6.58942012E-02 -1.98706781E+03  5.20351414E-01 -5.19619817E+01  2.81272421E-01  3.13776434E+01  1.95581587E-02 -1.55626599E+02  1.07863754E-02 -1.24248956E+02  1.75663082E-02  1.59926102E+01  3.54700041E-03  2.55779553E+02  1.02756696E-01  6.35988903E-03  1.41055955E-06  9.79426247E-01  2.89416531E-04
 -1.22000000E+02  5.01835623E+02  3.94876960E-01 -2.48691935E+03  8.15331385E-01 -2.35539777E+03  7.35681806E-01 -1.30088261E+02  8.40967940E-02 -1.98508373E+03  6.23535299E-01 -3.55368505E+01  2.86518219E-01  3.14024315E+01  2.00424469E-02 -1.55626025E+02  1.18098637E-02 -1.24223594E+02  1.79809208E-02  1.59798924E+01  4.48445886E-03  2.55384331E+02  1.37015456E-01  6.35483149E-03  1.78336495E-06  9.65801254E-01  5.23401910E-04
 -1.23000000E+02  4.99930419E+02  4.71808499E-01 -2.48210814E+03  1.56739280E+00 -2.35106982E+03  1.41565711E+00 -1.29599387E+02  1.53257568E-01 -1.98217772E+03  1.19769462E+00 -2.01355809E+01  2.59028410E-01  3.13363673E+01  1.85871596E-02 -1.55597678E+02  1.35541037E-02 -1.24261311E+02  1.61950574E-02  1.59515621E+01  9.23959811E-03  2.54536288E+02  2.63301998E-01  6.34356518E-03  3.67437321E-06  9.40363282E-01  8.29640179E-04
 -1.24000000E+02  4.84352350E+02  7.63929957E+00 -2.40948441E+03  3.45561592E+01 -2.28413719E+03  3.21227554E+01 -1.23980692E+02  2.41454588E+00 -1.92513206E+03  2.69276323E+01 -3.48996388E+00  3.59935553E-01             NAN             NAN             NAN             NAN             NAN             NAN  1.54971137E+01  2.16016187E-01  2.44144816E+02  4.52512781E+00  6.16284160E-03  8.59046126E-05  8.79151755E-01  9.93467655E-03
 -1.25000000E+02  2.11106302E+01  1.16527438E+00 -1.33715510E+02  6.55829120E+00 -1.32846856E+02  6.40188925E+00 -8.24146748E-01  1.76479496E-01 -1.12604879E+02  5.39673419E+00  1.27121155E+00  1.02870990E-01             NAN             NAN             NAN             NAN             NAN             NAN  9.11008728E-01  4.38380391E-02  2.53132513E+00  3.72521131E-01  3.62286979E-04  1.74333684E-05  7.35906351E-01  1.28541897E-03
