#              u               K              ΔK               V              ΔV           V_ext          ΔV_ext           V_int          ΔV_int               E              ΔE            E_mu           ΔE_mu             K/N            ΔK/N             V/N            ΔV/N             E/N            ΔE/N               N              ΔN             N^2            ΔN^2         density        Δdensity        diagonal       Δdiagonal
 -1.50000000E+01  1.78339959E+03  3.73967384E+00 -5.27673342E+03  3.78300269E+00 -4.31132269E+03  1.11005685E+00 -9.44509262E+02  2.84457092E+00 -3.49333383E+03  1.92080350E+00 -2.79540461E+03  1.95193364E+00  3.83276900E+01  5.27496034E-02 -1.13418344E+02  7.50571323E-02 -7.50906544E+01  9.09914405E-02  4.65286145E+01  5.47385159E-02  2.16530885E+03  5.08186079E+00  1.85033476E-02  2.17682364E-05  7.23416213E-01  1.29532420E-02
 -1.60000000E+01  2.01492923E+03  2.74189122E+00 -5.47815927E+03  3.90285762E+00 -4.55786079E+03  1.08777369E+00 -8.92125087E+02  3.02556724E+00 -3.46323004E+03  2.31357934E+00 -2.69490393E+03  1.79970893E+00  4.19603407E+01  3.62271836E-02 -1.14089084E+02  8.31605937E-02 -7.21287430E+01  7.72139435E-02  4.80203815E+01  6.67494012E-02  2.30633880E+03  6.43504574E+00  1.90965886E-02  2.65446833E-05  6.94204950E-01  1.31583694E-02
 -1.70000000E+01  1.75143573E+03  4.62757408E+00 -5.22271175E+03  5.86882794E+00 -4.29625810E+03  1.75056437E+00 -9.06244447E+02  4.12889577E+00 -3.47127602E+03  2.17133302E+00 -2.69958275E+03  1.59645209E+00  3.85814180E+01  4.23887679E-02 -1.15074248E+02  1.20176907E-01 -7.64928303E+01  1.34283545E-01  4.53937219E+01  9.70924354E-02  2.06134704E+03  8.83873195E+00  1.80520272E-02  3.86114030E-05  6.75845142E-01  1.12183915E-02
 -1.80000000E+01  1.72852171E+03  2.86261705E+00 -5.19516727E+03  3.66580696E+00 -4.28826976E+03  1.00709207E+00 -8.87444120E+02  2.75194719E+00 -3.46664556E+03  1.98627718E+00 -2.65781145E+03  1.48406382E+00  3.84678712E+01  3.96165889E-02 -1.15632990E+02  8.77506697E-02 -7.71651189E+01  8.68594460E-02  4.49352281E+01  6.45460645E-02  2.01979239E+03  5.82048600E+00  1.78696949E-02  2.56684678E-05  5.17886926E-01  9.11562932E-03
 -1.90000000E+01  1.71369687E+03  2.46051513E+00 -5.16962247E+03  2.89896325E+00 -4.28108794E+03  1.10163312E+00 -8.69050698E+02  1.87898155E+00 -3.45592560E+03  1.51406449E+00 -2.61097152E+03  1.45100457E+00  3.85347686E+01  3.69472266E-02 -1.16258642E+02  5.61141938E-02 -7.77238733E+01  6.17666132E-02  4.44712678E+01  4.38967017E-02  1.97810702E+03  3.91476118E+00  1.76851887E-02  1.74566965E-05  6.42596040E-01  1.15534832E-02
 -2.00000000E+01  1.70131347E+03  1.91404906E+00 -5.14995105E+03  1.65930983E+00 -4.27720830E+03  7.81479188E-01 -8.53327405E+02  1.05097655E+00 -3.44863757E+03  1.62123403E+00 -2.56733660E+03  1.54456758E+00  3.86094815E+01  3.68745727E-02 -1.16879205E+02  3.59464306E-02 -7.82697234E+01  4.63850034E-02  4.40650489E+01  2.49723092E-02  1.94196945E+03  2.21452489E+00  1.75236449E-02  9.93090616E-06  6.67091573E-01  1.05830825E-02
 -2.10000000E+01  1.69511676E+03  2.07697249E+00 -5.10914028E+03  2.43161852E+00 -4.26335791E+03  1.02088280E+00 -8.25991428E+02  1.58993079E+00 -3.41402352E+03  1.58811051E+00 -2.49295596E+03  1.42961145E+00  3.86496389E+01  3.35527820E-02 -1.16504379E+02  5.23586309E-02 -7.78547406E+01  5.71026210E-02  4.38603600E+01  3.81822071E-02  1.92429535E+03  3.34555130E+00  1.74422449E-02  1.51841754E-05  5.74818329E-01  1.04617558E-02
 -2.20000000E+01  1.67601858E+03  3.24787679E+00 -5.07304699E+03  4.33093617E+00 -4.25361016E+03  1.35903824E+00 -7.99921585E+02  3.00754923E+00 -3.39702842E+03  1.87188647E+00 -2.44729723E+03  1.33177923E+00  3.88270122E+01  3.28823218E-02 -1.17550854E+02  1.11445588E-01 -7.87238420E+01  1.12212972E-01  4.31695995E+01  7.69166098E-02  1.86468568E+03  6.64796605E+00  1.71675455E-02  3.05879470E-05  7.99067030E-01  7.15077913E-03
 -2.30000000E+01  1.87824394E+03  2.75902239E+00 -5.25991807E+03  3.15605540E+00 -4.49456971E+03  1.09640756E+00 -7.39075013E+02  2.17217938E+00 -3.38167413E+03  2.04698271E+00 -2.36644947E+03  1.78286651E+00  4.25606448E+01  4.36109843E-02 -1.19206658E+02  8.63202232E-02 -7.66460134E+01  8.54716672E-02  4.41402025E+01  5.69668478E-02  1.94960403E+03  5.02898519E+00  1.75535317E-02  2.26543902E-05  6.44366090E-01  6.82398035E-03
 -2.40000000E+01  1.83979289E+03  2.84642901E+00 -5.17951319E+03  4.43256959E+00 -4.46968831E+03  1.50737290E+00 -6.84222527E+02  2.96454181E+00 -3.33972029E+03  2.32215369E+00 -2.31890023E+03  1.29758701E+00  4.32799160E+01  4.59438302E-02 -1.21872053E+02  1.46490366E-01 -7.85921370E+01  1.18625132E-01  4.25341694E+01  8.60383974E-02  1.81156247E+03  7.30013637E+00  1.69148497E-02  3.42154690E-05  7.01023582E-01  6.57421525E-03
 -2.50000000E+01  1.39508874E+03  7.35957688E-01 -4.48129696E+03  1.14157324E+00 -4.03790101E+03  5.30831744E-01 -4.29000166E+02  6.65760051E-01 -3.08620822E+03  8.89793637E-01 -2.36093041E+03  6.02927597E-01  4.81483604E+01  3.60053682E-02 -1.54672789E+02  1.08524653E-01 -1.06524429E+02  8.06098497E-02  2.90111121E+01  2.91545024E-02  8.43208590E+02  1.76744931E+00  1.15370444E-02  1.15940671E-05  6.93156114E-01  1.52440121E-03
 -2.60000000E+01  1.38578467E+03  6.37133545E-01 -4.45517014E+03  4.32039726E-01 -4.02675524E+03  2.79020090E-01 -4.14119666E+02  2.41051712E-01 -3.06938548E+03  6.48280431E-01 -2.33356201E+03  6.12453601E-01  4.89809888E+01  2.48681944E-02 -1.57471416E+02  3.77201117E-02 -1.08490427E+02  3.25092116E-02  2.83009025E+01  8.71335403E-03  8.01282926E+02  5.04094648E-01  1.12546106E-02  3.46509825E-06  6.77615836E-01  8.73245895E-04
 -2.70000000E+01  1.38198297E+03  6.18908566E-01 -4.44750307E+03  3.20484861E-01 -4.02341351E+03  2.74954528E-01 -4.09809173E+02  1.83551413E-01 -3.06552010E+03  5.77784338E-01 -2.30691452E+03  5.76406823E-01  4.91914838E+01  2.19173728E-02 -1.58308523E+02  1.76827648E-02 -1.09117039E+02  2.32550089E-02  2.80965033E+01  3.59482345E-03  7.89511412E+02  2.05854854E-01  1.11733258E-02  1.42957762E-06  6.73982364E-01  6.89332499E-04
 -2.80000000E+01  1.38280720E+03  5.84169443E-01 -4.44527808E+03  3.08451710E-01 -4.02257182E+03  2.53272046E-01 -4.08511364E+02  1.64129954E-01 -3.06247088E+03  5.43749697E-01 -2.27737172E+03  5.44218597E-01  4.93184518E+01  2.08045018E-02 -1.58543691E+02  1.40045256E-02 -1.09225240E+02  2.07287892E-02  2.80392559E+01  2.23352081E-03  7.86240214E+02  1.27587736E-01  1.11505598E-02  8.88218993E-07  6.75261751E-01  5.47239745E-04
 -2.90000000E+01  1.38099406E+03  5.48785850E-01 -4.44476324E+03  2.86787741E-01 -4.02226853E+03  2.44691750E-01 -4.08231502E+02  1.53532988E-01 -3.06376917E+03  5.22474480E-01 -2.25132628E+03  5.27187271E-01  4.92949655E+01  1.96559321E-02 -1.58657346E+02  1.19837938E-02 -1.09362381E+02  1.95799849E-02  2.80152721E+01  1.17353230E-03  7.84870902E+02  6.69177359E-02  1.11410221E-02  4.66686120E-07  6.70484594E-01  5.23351192E-04
 -3.00000000E+01  1.38263040E+03  3.69596652E-01 -4.44523267E+03  2.07902245E-01 -4.02261898E+03  1.76076945E-01 -4.08431554E+02  1.19308842E-01 -3.06260227E+03  3.38949878E-01 -2.22246734E+03  3.38492917E-01  4.93719212E+01  1.32663940E-02 -1.58733482E+02  7.88194213E-03 -1.09361560E+02  1.21687721E-02  2.80044978E+01  5.32484874E-04  7.84256375E+02  3.03516378E-02  1.11367374E-02  2.11756690E-07  8.76646899E-01  2.28581906E-04
 -3.10000000E+01  1.37835586E+03  7.91210506E-01 -4.44220901E+03  4.92195624E-01 -4.02293698E+03  3.59821721E-01 -4.04940529E+02  7.72959790E-01 -3.06385316E+03  4.21349384E-01 -2.19579936E+03  4.21798606E-01  4.92240045E+01  2.82223002E-02 -1.58640756E+02  1.74774235E-02 -1.09416751E+02  1.51154074E-02  2.80017353E+01  1.98108578E-04  7.84098913E+02  1.12921890E-02  1.11356388E-02  7.87828756E-08  6.65018282E-01  3.34509144E-04
 -3.20000000E+01  1.38052419E+03  3.57437205E-01 -4.44365097E+03  1.95269223E-01 -4.02151023E+03  1.73083138E-01 -4.07976278E+02  1.01869601E-01 -3.06312678E+03  3.62940814E-01 -2.16711071E+03  3.63044474E-01  4.93035732E+01  1.27574509E-02 -1.58699053E+02  6.94667307E-03 -1.09395479E+02  1.29778112E-02  2.80005022E+01  9.89172673E-05  7.84028624E+02  5.63828424E-03  1.11351484E-02  3.93369947E-08  6.89943089E-01  2.93020553E-04
 -3.30000000E+01  1.38279477E+03  6.38648480E-01 -4.44451932E+03  3.09140303E-01 -4.02255846E+03  5.50358048E-01 -4.07684436E+02  3.39647469E-01 -3.06172456E+03  4.65262349E-01 -2.13749698E+03  5.74015164E-01  4.93725804E+01  1.65269066E-02 -1.58694781E+02  1.79732148E-02 -1.09322200E+02  3.00450844E-02  2.80068962E+01  4.47294163E-03  7.84396501E+02  2.56268659E-01  1.11376912E-02  1.77878463E-06  7.09794117E-01  3.32963982E-04
 -3.40000000E+01  1.38133934E+03  4.11370615E-01 -4.44422615E+03  2.21076706E-01 -4.02186767E+03  1.85760645E-01 -4.08165980E+02  9.78474662E-02 -3.06288681E+03  3.84697022E-01 -2.11088364E+03  3.84671331E-01  4.93333850E+01  1.46879013E-02 -1.58721847E+02  7.86790192E-03 -1.09388462E+02  1.37366325E-02  2.80000932E+01  3.37553395E-05  7.84005314E+02  1.92405435E-03  1.11349858E-02  1.34236574E-08  7.27895247E-01  2.81017967E-04
 -3.50000000E+01  1.38090105E+03  4.03328713E-01 -4.44419278E+03  1.82984617E-01 -4.02183384E+03  1.54501043E-01 -4.08089832E+02  1.13398994E-01 -3.06329173E+03  3.87249704E-01 -2.08329068E+03  3.87236665E-01  4.93178451E+01  1.44052836E-02 -1.58721005E+02  6.53417762E-03 -1.09403160E+02  1.38289681E-02  2.80000300E+01  1.88991062E-05  7.84001710E+02  1.07724905E-03  1.11349606E-02  7.51569858E-09  7.43580845E-01  2.92308725E-04
 -3.60000000E+01  1.38097173E+03  3.43240405E-01 -4.44418156E+03  1.90037433E-01 -4.02184895E+03  1.53754923E-01 -4.08099516E+02  1.18224371E-01 -3.06320983E+03  3.36002395E-01 -2.05520981E+03  3.36003511E-01  4.93204182E+01  1.22585855E-02 -1.58720767E+02  6.78718789E-03 -1.09400349E+02  1.20002018E-02  2.80000005E+01  4.88281250E-07  7.84000027E+02  2.78320313E-05  1.11349489E-02  1.94140625E-10  7.49759369E-01  2.99776525E-04
 -3.70000000E+01  1.38052575E+03  4.01968934E-01 -4.44344387E+03  2.10616644E-01 -4.02135905E+03  1.68212680E-01 -4.07880874E+02  1.23492159E-01 -3.06291812E+03  3.94283204E-01 -2.02691812E+03  3.94283204E-01  4.93044912E+01  1.43560338E-02 -1.58694424E+02  7.52202271E-03 -1.09389933E+02  1.40815438E-02  2.80000000E+01  0.00000000E+00  7.84000000E+02  0.00000000E+00  1.11349487E-02  6.41349346E-18  6.89254874E-01  2.95120819E-04
 -3.80000000E+01  1.38076769E+03  4.31290383E-01 -4.44374791E+03  2.01288647E-01 -4.02142748E+03  1.65375587E-01 -4.08078033E+02  9.91301075E-02 -3.06298021E+03  4.06807870E-01 -1.99898021E+03  4.06807870E-01  4.93131318E+01  1.54032282E-02 -1.58705282E+02  7.18888111E-03 -1.09392150E+02  1.45288521E-02  2.80000000E+01  0.00000000E+00  7.84000000E+02  0.00000000E+00  1.11349487E-02  6.42470291E-18  6.86958135E-01  3.36664929E-04
 -3.90000000E+01  1.38171824E+03  3.53635226E-01 -4.44417201E+03  1.83426183E-01 -4.02177431E+03  1.68777900E-01 -4.08089051E+02  1.18831337E-01 -3.06245377E+03  3.43832843E-01 -1.97045377E+03  3.43832843E-01  4.93470799E+01  1.26298295E-02 -1.58720429E+02  6.55093465E-03 -1.09373349E+02  1.22797445E-02  2.80000000E+01  0.00000000E+00  7.84000000E+02  0.00000000E+00  1.11349487E-02  6.54684248E-18  7.25729692E-01  3.10017337E-04
 -4.00000000E+01  1.38358041E+03  3.73265976E-01 -4.41398447E+03  1.88990319E-01 -4.01329594E+03  1.68496729E-01 -3.85735461E+02  1.26733257E-01 -3.03040406E+03  3.52173276E-01 -1.91040406E+03  3.52173276E-01  4.94135861E+01  1.33309278E-02 -1.57642303E+02  6.74965480E-03 -1.08228717E+02  1.25776171E-02  2.80000000E+01  0.00000000E+00  7.84000000E+02  0.00000000E+00  1.11349487E-02  6.59773533E-18  6.90237528E-01  2.91696777E-04
 -4.10000000E+01  1.38053388E+03  3.77628563E-01 -4.44402503E+03  2.09612939E-01 -4.02172147E+03  1.64621170E-01 -4.08078586E+02  1.18792443E-01 -3.06349115E+03  4.16716823E-01 -1.91549115E+03  4.16716823E-01  4.93047813E+01  1.34867347E-02 -1.58715180E+02  7.48617420E-03 -1.09410398E+02  1.48827433E-02  2.80000000E+01  0.00000000E+00  7.84000000E+02  0.00000000E+00  1.11349487E-02  6.58032203E-18  6.96426340E-01  3.19128814E-04
 -4.20000000E+01  1.38042149E+03  3.73268915E-01 -4.44382072E+03  2.16690720E-01 -4.02187709E+03  2.07112396E-01 -4.07769947E+02  2.45456729E-01 -3.06339923E+03  3.39822752E-01 -1.88739923E+03  3.39822752E-01  4.93007674E+01  1.33310326E-02 -1.58707883E+02  7.73895622E-03 -1.09407115E+02  1.21365265E-02  2.80000000E+01  0.00000000E+00  7.84000000E+02  0.00000000E+00  1.11349487E-02  6.55003372E-18  6.95030769E-01  3.27996681E-04
 -4.30000000E+01  1.38068588E+03  4.03917475E-01 -4.44395141E+03  2.55357804E-01 -4.02179701E+03  2.05597810E-01 -4.08010953E+02  1.06044351E-01 -3.06326553E+03  3.65239761E-01 -1.85927441E+03  3.67533373E-01  4.93105686E+01  1.43096103E-02 -1.58713714E+02  8.98905775E-03 -1.09403145E+02  1.32664723E-02  2.79997935E+01  2.09375000E-04  7.83988644E+02  1.15156250E-02  1.11348666E-02  8.32636458E-08  6.51477069E-01  3.57883916E-04
 -4.40000000E+01  1.38062466E+03  4.43904932E-01 -4.44379828E+03  2.12918358E-01 -4.02148660E+03  1.86195763E-01 -4.08149477E+02  1.00944456E-01 -3.06317362E+03  4.19375528E-01 -1.83117362E+03  4.19375528E-01  4.93080235E+01  1.58537473E-02 -1.58707081E+02  7.60422645E-03 -1.09399058E+02  1.49776980E-02  2.80000000E+01  0.00000000E+00  7.84000000E+02  0.00000000E+00  1.11349487E-02  6.53567263E-18  6.62263553E-01  3.30021630E-04
 -4.50000000E+01  1.38069372E+03  4.30673805E-01 -4.44372842E+03  2.00185963E-01 -4.02162693E+03  1.90708339E-01 -4.07896377E+02  1.67592344E-01 -3.06303471E+03  3.88788517E-01 -1.80303471E+03  3.88788517E-01  4.93104899E+01  1.53812074E-02 -1.58704587E+02  7.14949810E-03 -1.09394097E+02  1.38853043E-02  2.80000000E+01  0.00000000E+00  7.84000000E+02  0.00000000E+00  1.11349487E-02  6.58979619E-18  6.71995104E-01  3.54892073E-04
 -4.60000000E+01  1.38064426E+03  3.47520363E-01 -4.44371580E+03  1.88950587E-01 -4.02152610E+03  1.64340861E-01 -4.07997989E+02  1.22463448E-01 -3.06307154E+03  3.28081455E-01 -1.77507154E+03  3.28081455E-01  4.93087236E+01  1.24114415E-02 -1.58704136E+02  6.74823476E-03 -1.09395412E+02  1.17171947E-02  2.80000000E+01  0.00000000E+00  7.84000000E+02  0.00000000E+00  1.11349487E-02  6.62937505E-18  6.80726272E-01  2.94804089E-04
 -4.70000000E+01  1.38108809E+03  3.48662772E-01 -4.44367731E+03  2.13775774E-01 -4.02147792E+03  1.83639670E-01 -4.07948639E+02  1.03577881E-01 -3.06258922E+03  3.31368975E-01 -1.74660575E+03  3.28598467E-01  4.93251748E+01  1.23924070E-02 -1.58704744E+02  6.99161283E-03 -1.09379569E+02  1.17081730E-02  2.79996482E+01  3.57954545E-04  7.83980651E+02  1.96875000E-02  1.11348088E-02  1.42350237E-07  6.89435993E-01  2.95863529E-04
 -4.80000000E+01  1.38025855E+03  3.65229746E-01 -4.44359865E+03  2.76111748E-01 -4.02204111E+03  2.45953708E-01 -4.07303112E+02  4.16569089E-01 -3.06334010E+03  3.50688349E-01 -1.71934216E+03  3.51031393E-01  4.92950192E+01  1.30342336E-02 -1.58700192E+02  9.87725892E-03 -1.09405173E+02  1.25530138E-02  2.79999572E+01  3.05319475E-05  7.83997645E+02  1.67925711E-03  1.11349317E-02  1.21418632E-08  6.97128477E-01  4.21904944E-04
 -4.90000000E+01  1.29995458E+03  2.09632114E+01 -4.31548489E+03  3.34699209E+01 -3.91127364E+03  2.92563175E+01 -3.91393521E+02  3.91799484E+00 -3.01553031E+03  1.25426908E+01 -1.68272585E+03  2.37528469E+00  4.76662763E+01  4.23936006E-01 -1.58655946E+02  2.37834055E-02 -1.10989670E+02  4.21473614E-01  2.72000909E+01  2.10355426E-01  7.41550262E+02  1.11561107E+01  1.08168434E-02  8.36534627E-05  7.04986686E-01  6.62569843E-04
 -5.00000000E+01  1.38112933E+03  4.09455219E-01 -4.44402237E+03  1.94312807E-01 -4.02173632E+03  1.71977430E-01 -4.08001430E+02  1.01435911E-01 -3.06289304E+03  3.48263059E-01 -1.66289304E+03  3.48263059E-01  4.93260477E+01  1.46234012E-02 -1.58715085E+02  6.93974307E-03 -1.09389037E+02  1.24379663E-02  2.80000000E+01  0.00000000E+00  7.84000000E+02  0.00000000E+00  1.11349487E-02  6.74466214E-18  7.13039016E-01  3.75105358E-04
 -5.10000000E+01  1.38101333E+03  3.54223102E-01 -4.44391712E+03  2.07588202E-01 -4.02175065E+03  1.67824060E-01 -4.07930436E+02  1.18010446E-01 -3.06290379E+03  3.38473828E-01 -1.63491004E+03  3.38134457E-01  4.93221156E+01  1.26594795E-02 -1.58712016E+02  7.41313605E-03 -1.09389900E+02  1.20674342E-02  2.79998774E+01  1.22888514E-04  7.83993255E+02  6.75886824E-03  1.11348999E-02  4.88699324E-08  7.19533865E-01  3.68689903E-04
 -5.20000000E+01  1.11792321E+03  1.41266183E+01 -4.02189158E+03  2.06481083E+01 -3.65597513E+03  1.89214550E+01 -3.56467928E+02  1.47321448E+00 -2.90396838E+03  6.54166302E+00 -1.58465082E+03  8.63761073E-01  4.39849610E+01  2.90551741E-01 -1.58533628E+02  5.39884746E-02 -1.14548667E+02  3.42391881E-01  2.53714916E+01  1.39171647E-01  6.44652196E+02  7.36988359E+00  1.00896520E-02  5.53453286E-05  7.26797071E-01  5.34963184E-04
 -5.30000000E+01  1.37310608E+03  5.44455782E+00 -4.42966118E+03  1.00889026E+01 -4.01035271E+03  8.05511212E+00 -4.05246381E+02  1.95699669E+00 -3.05655510E+03  4.66230205E+00 -1.57703767E+03  1.56071011E+00  4.91785705E+01  9.81053176E-02 -1.58678746E+02  2.93391563E-02 -1.09500175E+02  6.96863108E-02  2.79154231E+01  5.88794216E-02  7.79430855E+02  3.17963958E+00  1.11013144E-02  2.34149770E-05  7.30918589E-01  8.28365510E-04
 -5.40000000E+01  1.08061706E+03  3.48141467E-01 -3.96734379E+03  1.83773653E-01 -3.60537881E+03  1.36325025E-01 -3.53316912E+02  8.48151249E-02 -2.88672673E+03  3.27991601E-01 -1.53672673E+03  3.27991601E-01  4.32246825E+01  1.39256587E-02 -1.58693752E+02  7.35094527E-03 -1.15469069E+02  1.31196633E-02  2.50000000E+01  0.00000000E+00  6.25000000E+02  0.00000000E+00  9.94191844E-03  1.12299509E-17  7.39875872E-01  4.41020345E-04
 -5.50000000E+01  1.08416301E+03  2.00987955E+00 -3.97226698E+03  2.89173777E+00 -3.61008483E+03  2.66528737E+00 -3.53468482E+02  2.04757749E-01 -2.88810397E+03  9.45064632E-01 -1.51131886E+03  3.49127017E-01  4.33027793E+01  4.26082219E-02 -1.58686097E+02  1.06770718E-02 -1.15383317E+02  5.04785143E-02  2.50324564E+01  1.96525591E-02  6.26716987E+02  1.03958532E+00  9.95482561E-03  7.81536587E-06  7.44507957E-01  4.84959087E-04
 -5.60000000E+01  9.92208144E+02  3.41716378E-01 -3.80448416E+03  3.27741023E-01 -3.46541651E+03  3.16234977E-01 -3.31832219E+02  7.09396047E-02 -2.81227601E+03  2.87890070E-01 -1.46803086E+03  2.87890070E-01  4.13337385E+01  1.21022142E-02 -1.58491464E+02  5.55950829E-03 -1.17157726E+02  1.25532720E-02  2.40043777E+01  2.17066887E-03  5.76218118E+02  1.08200508E-01  9.54598260E-03  8.63224541E-07  7.47293568E-01  3.12249425E-04
 -5.70000000E+01  9.96246405E+02  1.89270124E+00 -3.81031276E+03  2.75681540E+00 -3.47106338E+03  2.67454940E+00 -3.31950650E+02  1.57165337E-01 -2.81406635E+03  9.22800978E-01 -1.44346045E+03  3.30586367E-01  4.14207848E+01  4.39251610E-02 -1.58461977E+02  1.10226425E-02 -1.17041192E+02  5.25940749E-02  2.40457177E+01  1.86998005E-02  5.78312411E+02  9.34368019E-01  9.56242255E-03  7.43647588E-06  6.55014838E-01  5.62854677E-04
 -5.80000000E+01  1.37914078E+03  9.21604018E-01 -4.44048153E+03  1.50330381E+00 -4.01915620E+03  1.18022170E+00 -4.07096824E+02  3.33038030E-01 -3.06134075E+03  8.20624482E-01 -1.43847913E+03  4.29339618E-01  4.92881031E+01  2.08676162E-02 -1.58699187E+02  1.00313237E-02 -1.09411084E+02  1.57456909E-02  2.79803728E+01  8.52140011E-03  7.82928692E+02  4.62056633E-01  1.11271434E-02  3.38876282E-06  6.59523454E-01  1.16293947E-03
 -5.90000000E+01  1.08087214E+03  3.43540344E-01 -3.96743494E+03  1.77626028E-01 -3.60543804E+03  1.39714779E-01 -3.53332701E+02  8.16022225E-02 -2.88656280E+03  2.96328360E-01 -1.41156469E+03  2.96288361E-01  4.32349416E+01  1.37424201E-02 -1.58697600E+02  7.14839457E-03 -1.15462658E+02  1.18504757E-02  2.49999680E+01  3.22690217E-05  6.24998434E+02  1.58118207E-03  9.94190573E-03  1.28326393E-08  6.69406610E-01  5.85120572E-04
 -6.00000000E+01  9.92112472E+02  2.69937382E-01 -3.80357917E+03  1.24438527E-01 -3.46473425E+03  1.03801252E-01 -3.31666836E+02  6.73449795E-02 -2.81146670E+03  2.54630811E-01 -1.37146670E+03  2.54630811E-01  4.13380197E+01  1.12473910E-02 -1.58482465E+02  5.18493835E-03 -1.17144446E+02  1.06096176E-02  2.40000000E+01  0.00000000E+00  5.76000000E+02  0.00000000E+00  9.54424170E-03  1.09541334E-17  7.39714274E-01  2.14556384E-04
 -6.10000000E+01  9.91945088E+02  2.89001317E-01 -3.80374823E+03  1.34882701E-01 -3.46486466E+03  1.09172500E-01 -3.31666055E+02  7.56575173E-02 -2.81180314E+03  2.64687047E-01 -1.34780314E+03  2.64687047E-01  4.13310453E+01  1.20417218E-02 -1.58489510E+02  5.62011216E-03 -1.17158464E+02  1.10286276E-02  2.40000000E+01  0.00000000E+00  5.76000000E+02  0.00000000E+00  9.54424170E-03  1.11896550E-17  7.71207684E-01  2.14707737E-04
 -6.20000000E+01  1.09129331E+03  5.45373365E+00 -3.98393326E+03  8.37439731E+00 -3.62020511E+03  7.42499546E+00 -3.54928052E+02  8.55189869E-01 -2.89263994E+03  2.96465019E+00 -1.33600688E+03  5.49941175E-01  4.34411603E+01  1.14103858E-01 -1.58678531E+02  9.00368640E-03 -1.15237370E+02  1.17774227E-01  2.51069850E+01  5.34314168E-02  6.30662690E+02  2.82212529E+00  9.98446387E-03  2.12484323E-05  6.83827625E-01  1.07611855E-03
 -6.30000000E+01  9.95870857E+02  2.07453562E+00 -3.80945086E+03  3.24280267E+00 -3.47012646E+03  2.90713630E+00 -3.32015860E+02  3.29432602E-01 -2.81358001E+03  1.21219273E+00 -1.29917134E+03  3.09577294E-01  4.14178596E+01  4.55173863E-02 -1.58474810E+02  7.93127277E-03 -1.17056951E+02  4.65134428E-02  2.40382329E+01  2.05840903E-02  5.77958931E+02  1.05900432E+00  9.55944602E-03  8.18581405E-06  6.87770716E-01  6.30800693E-04
 -6.40000000E+01  9.96821399E+02  2.97261543E+00 -3.81261949E+03  4.58370981E+00 -3.47270559E+03  4.13365054E+00 -3.32611620E+02  4.76513942E-01 -2.81579809E+03  1.65711772E+00 -1.27602495E+03  3.46009348E-01  4.14147600E+01  6.58484746E-02 -1.58469665E+02  6.12662530E-03 -1.17054905E+02  6.69479673E-02  2.40589554E+01  2.91255482E-02  5.79042958E+02  1.49288980E+00  9.56768689E-03  1.15825533E-05  6.92663871E-01  3.60786915E-04
 -6.50000000E+01  1.07810114E+03  4.56077207E+00 -3.95879315E+03  8.71561760E+00 -3.59860049E+03  7.38245030E+00 -3.51559712E+02  1.29490925E+00 -2.88069202E+03  4.19905009E+00 -1.25914459E+03  8.19459303E-01  4.31931168E+01  9.57264560E-02 -1.58688302E+02  1.12589110E-02 -1.15495185E+02  9.30978018E-02  2.49468836E+01  5.43861077E-02  6.22654628E+02  2.61691692E+00  9.92079527E-03  2.16280898E-05  6.97731831E-01  1.02793854E-03
 -6.60000000E+01  1.02001824E+03  1.16861605E+01 -3.84784006E+03  2.18875799E+01 -3.50487596E+03  1.86028981E+01 -3.35290270E+02  3.11359874E+00 -2.82782182E+03  1.02575550E+01 -1.22679194E+03  1.48876819E+00  4.19629743E+01  2.44177696E-01 -1.58617706E+02  1.38804223E-02 -1.16654732E+02  2.35367332E-01  2.42580285E+01  1.36587084E-01  5.89611736E+02  6.63440114E+00  9.64685365E-03  5.43175058E-05  6.99129233E-01  9.65835931E-04
 -6.70000000E+01  9.16277417E+02  1.49996228E+00 -3.64886998E+03  2.46871025E+00 -3.33641918E+03  2.17466826E+00 -3.06384636E+02  2.70437144E-01 -2.73259256E+03  1.01524004E+00 -1.19023804E+03  2.52541506E-01  3.97962109E+01  3.30650565E-02 -1.58507443E+02  6.46582381E-03 -1.18711232E+02  3.44797567E-02  2.30202168E+01  1.58214941E-02  5.30012045E+02  7.95092414E-01  9.15460473E-03  6.29184020E-06  6.98482065E-01  5.11692837E-04
 -6.80000000E+01  9.91416738E+02  2.76211468E-01 -3.80356868E+03  1.18346845E-01 -3.46472558E+03  1.06853727E-01 -3.31665588E+02  6.70259128E-02 -2.81215194E+03  2.59606860E-01 -1.18015194E+03  2.59606860E-01  4.13090308E+01  1.15088112E-02 -1.58482028E+02  4.93111849E-03 -1.17172998E+02  1.08169524E-02  2.40000000E+01  0.00000000E+00  5.76000000E+02  0.00000000E+00  9.54424170E-03  1.13862436E-17  7.10801160E-01  2.36144306E-04
 -6.90000000E+01  9.28932748E+02  7.04649198E+00 -3.67294141E+03  1.36105617E+01 -3.35677792E+03  1.15242272E+01 -3.09935734E+02  1.97203733E+00 -2.74400866E+03  6.57244527E+00 -1.14534902E+03  7.54445334E-01  4.00705686E+01  1.47292255E-01 -1.58527283E+02  1.01055564E-02 -1.18456714E+02  1.40206839E-01  2.31689802E+01  8.47621541E-02  5.37108285E+02  4.06818303E+00  9.21376448E-03  3.37079367E-05  7.08236164E-01  5.20338074E-04
 -7.00000000E+01  1.05068999E+03  8.41202453E+00 -3.90756717E+03  1.62198902E+01 -3.55512589E+03  1.36960951E+01 -3.44255338E+02  2.39548842E+00 -2.85687717E+03  7.81609264E+00 -1.13294965E+03  8.02542889E-01  4.26135728E+01  1.76258080E-01 -1.58664357E+02  1.13017701E-02 -1.16050784E+02  1.66967434E-01  2.46275360E+01  1.00833949E-01  6.07205112E+02  4.83990587E+00  9.79379816E-03  4.00993154E-05  7.17362015E-01  1.05629621E-03
 -7.10000000E+01  9.91565789E+02  2.92133505E-01 -3.80373165E+03  1.43805731E-01 -3.46484727E+03  1.09236226E-01 -3.31721436E+02  7.05867832E-02 -2.81216586E+03  2.91488071E-01 -1.10816586E+03  2.91488071E-01  4.13152412E+01  1.21722295E-02 -1.58488819E+02  5.99190532E-03 -1.17173577E+02  1.21453374E-02  2.40000000E+01  0.00000000E+00  5.76000000E+02  0.00000000E+00  9.54424170E-03  1.16154220E-17  7.44535491E-01  2.56797659E-04
 -7.20000000E+01  9.91842950E+02  3.13218044E-01 -3.80365449E+03  1.35736836E-01 -3.46481220E+03  1.09691720E-01 -3.31666270E+02  8.23741713E-02 -2.81181154E+03  2.84596033E-01 -1.08381154E+03  2.84596033E-01  4.13267896E+01  1.30507515E-02 -1.58485604E+02  5.65570102E-03 -1.17158814E+02  1.18581691E-02  2.40000000E+01  0.00000000E+00  5.76000000E+02  0.00000000E+00  9.54424170E-03  1.16476390E-17  7.25222676E-01  3.25543937E-04
 -7.30000000E+01  9.42323791E+02  9.58918599E+00 -3.69912754E+03  1.85411468E+01 -3.37898734E+03  1.56765490E+01 -3.13632060E+02  2.71740722E+00 -2.75680374E+03  8.95740981E+00 -1.05367355E+03  5.89385865E-01  4.03495517E+01  2.00412290E-01 -1.58550677E+02  1.26463994E-02 -1.18201125E+02  1.90036984E-01  2.33305506E+01  1.15306862E-01  5.44857454E+02  5.53253022E+00  9.27801726E-03  4.58548562E-05  7.23824649E-01  6.83088291E-04
 -7.40000000E+01  9.35778850E+02  8.64516205E+00 -3.68606571E+03  1.66231699E+01 -3.36780712E+03  1.40603018E+01 -3.11925205E+02  2.42929867E+00 -2.75028686E+03  7.98461264E+00 -1.02983241E+03  4.15317672E-01  4.02164749E+01  1.81631391E-01 -1.58542726E+02  1.13954345E-02 -1.18326252E+02  1.71717845E-01  2.32493845E+01  1.03292279E-01  5.40970117E+02  4.95788790E+00  9.24573939E-03  4.10769361E-05  7.28011927E-01  6.23657416E-04
 -7.50000000E+01  9.27473311E+02  6.15404016E+00 -3.67028913E+03  1.18825330E+01 -3.35440153E+03  1.00443950E+01 -3.09645068E+02  1.73455277E+00 -2.74281582E+03  5.73570981E+00 -1.00648970E+03  2.79357209E-01  4.00410944E+01  1.28815910E-01 -1.58535761E+02  9.19732587E-03 -1.18494667E+02  1.22252594E-01  2.31510150E+01  7.39322890E-02  5.36247311E+02  3.54801196E+00  9.20662011E-03  2.94011513E-05  7.30213299E-01  5.31290094E-04
 -7.60000000E+01  9.16677293E+02  1.63223021E+00 -3.64930806E+03  3.06311745E+00 -3.33672464E+03  2.61740995E+00 -3.06522465E+02  4.28163493E-01 -2.73263076E+03  1.52170571E+00 -9.83082367E+02  2.47705931E-01  3.98171732E+01  3.57769602E-02 -1.58525046E+02  5.27090584E-03 -1.18707873E+02  3.50193150E-02  2.30203736E+01  1.92419970E-02  5.29977861E+02  9.23542302E-01  9.15466709E-03  7.65209452E-06  7.32676053E-01  4.00795286E-04
 -7.70000000E+01  9.90839971E+02  3.06954940E-01 -3.80342367E+03  1.48401864E-01 -3.46470152E+03  1.09384155E-01 -3.31498025E+02  8.53719152E-02 -2.81258370E+03  2.99648115E-01 -9.64596994E+02  3.00866118E-01  4.12852786E+01  1.27591626E-02 -1.58477121E+02  6.02290076E-03 -1.17191842E+02  1.25690075E-02  2.39998273E+01  1.30482752E-04  5.75991885E+02  6.13268933E-03  9.54417303E-03  5.18899540E-08  7.40666193E-01  4.20170266E-04
 -7.80000000E+01  9.15071762E+02  2.75166244E-01 -3.64615164E+03  1.42196099E-01 -3.33415494E+03  1.22051716E-01 -3.05960618E+02  6.51191847E-02 -2.73107987E+03  2.61265876E-01 -9.37079874E+02  2.61265875E-01  3.97857288E+01  1.19637497E-02 -1.58528332E+02  6.18243946E-03 -1.18742603E+02  1.13593849E-02  2.30000000E+01  0.00000000E+00  5.29000000E+02  0.00000000E+00  9.14656497E-03  1.10709935E-17  7.38623509E-01  3.44338373E-04
 -7.90000000E+01  9.14714464E+02  3.33279842E-01 -3.64584682E+03  1.25408599E-01 -3.33371063E+03  1.16457432E-01 -3.06079404E+02  5.85099704E-02 -2.73113235E+03  2.82607642E-01 -9.14132355E+02  2.82607639E-01  3.97701941E+01  1.44904280E-02 -1.58515079E+02  5.45254809E-03 -1.18744885E+02  1.22872879E-02  2.30000000E+01  0.00000000E+00  5.29000000E+02  0.00000000E+00  9.14656497E-03  1.09420679E-17  7.41805186E-01  3.37715958E-04
 -8.00000000E+01  9.14901559E+02  2.55882564E-01 -3.64621062E+03  1.46642556E-01 -3.33414480E+03  1.15140032E-01 -3.06019603E+02  6.85854146E-02 -2.73130906E+03  2.49602533E-01 -8.91325430E+02  2.48372436E-01  3.97786703E+01  1.11179419E-02 -1.58532300E+02  5.98533932E-03 -1.18753629E+02  1.07866471E-02  2.29997954E+01  1.88166536E-04  5.28990793E+02  8.46749413E-03  9.14648360E-03  7.48294569E-08  7.43365266E-01  4.75319410E-04
 -8.10000000E+01  9.15412159E+02  2.76446023E-01 -3.64612837E+03  1.37920273E-01 -3.33404087E+03  1.17961261E-01 -3.06034639E+02  6.84046196E-02 -2.73071621E+03  2.64228992E-01 -8.67753224E+02  2.59299607E-01  3.98012964E+01  1.20871070E-02 -1.58530463E+02  5.88407628E-03 -1.18729167E+02  1.12152533E-02  2.29995430E+01  3.44968434E-04  5.28979435E+02  1.55235795E-02  9.14638323E-03  1.37185923E-07  7.49918707E-01  4.30774688E-04
 -8.20000000E+01  9.14852565E+02  2.52558781E-01 -3.64599289E+03  1.94120044E-01 -3.33395622E+03  1.64518843E-01 -3.05995238E+02  6.13127772E-02 -2.73114032E+03  2.41564253E-01 -8.45181140E+02  2.33943446E-01  3.97770087E+01  1.09137096E-02 -1.58524840E+02  7.28560598E-03 -1.18747831E+02  1.01521544E-02  2.29995023E+01  4.30868778E-04  5.28977602E+02  1.93890950E-02  9.14636703E-03  1.71346491E-07  7.48249078E-01  4.23905421E-04
 -8.30000000E+01  9.14190659E+02  3.56270825E-01 -3.64513302E+03  6.53637070E-01 -3.33344490E+03  5.24307020E-01 -3.05643404E+02  1.62070066E-01 -2.73094236E+03  4.87346529E-01 -8.22366320E+02  2.87937047E-01  3.97559179E+01  1.23624769E-02 -1.58519085E+02  6.50354856E-03 -1.18763167E+02  1.18606002E-02  2.29948921E+01  3.71399440E-03  5.28770895E+02  1.66925095E-01  9.14453367E-03  1.47696919E-06  7.47391645E-01  8.08067390E-04
 -8.40000000E+01  9.15499681E+02  2.86934033E-01 -3.64610558E+03  1.95211739E-01 -3.33416262E+03  1.61831978E-01 -3.05968313E+02  8.00987763E-02 -2.73060590E+03  2.91400242E-01 -7.98753124E+02  2.68391396E-01  3.98072882E+01  1.23611529E-02 -1.58538359E+02  5.06969653E-03 -1.18731071E+02  1.15608083E-02  2.29982473E+01  9.85557355E-04  5.28921130E+02  4.43500810E-02  9.14586797E-03  3.91933237E-07  8.77539504E-01  5.22043194E-04
 -8.50000000E+01  9.14306282E+02  6.66801165E-01 -3.64326182E+03  1.65854493E+00 -3.33195062E+03  1.31666908E+00 -3.05244141E+02  3.40888323E-01 -2.72895554E+03  1.04812514E+00 -7.75420731E+02  2.88970107E-01  3.97813928E+01  1.49889880E-02 -1.58521121E+02  8.48145139E-03 -1.18739728E+02  1.15587327E-02  2.29827624E+01  9.66972566E-03  5.28224310E+02  4.35137654E-01  9.13971000E-03  3.84542497E-06  7.98707656E-01  1.05551261E-03
 -8.60000000E+01  9.13559880E+02  7.54844291E-01 -3.64137628E+03  1.81810168E+00 -3.33043020E+03  1.39950350E+00 -3.04901507E+02  4.22330054E-01 -2.72781640E+03  1.14373614E+00 -7.52221213E+02  3.44588117E-01  3.97668466E+01  1.82167109E-02 -1.58512624E+02  1.04625520E-02 -1.18745778E+02  1.19605373E-02  2.29720371E+01  1.02491394E-02  5.27741716E+02  4.61208029E-01  9.13544476E-03  4.07584433E-06  8.26128337E-01  1.38185880E-03
 -8.70000000E+01  9.12735992E+02  8.76580594E-01 -3.64027802E+03  2.12533741E+00 -3.32947133E+03  1.70901444E+00 -3.04788857E+02  4.17236301E-01 -2.72754203E+03  1.30153786E+00 -7.29406704E+02  3.20867411E-01  3.97389571E+01  1.93608542E-02 -1.58498798E+02  9.37763246E-03 -1.18759841E+02  1.36586263E-02  2.29670727E+01  1.23112497E-02  5.27524677E+02  5.49286403E-01  9.13347054E-03  4.89589763E-06  7.49157703E-01  1.31686165E-03
 -8.80000000E+01  9.07522479E+02  2.64669566E+00 -3.62525486E+03  6.48094144E+00 -3.31740870E+03  5.24305556E+00 -3.01876957E+02  1.21321477E+00 -2.71773238E+03  3.85487178E+00 -7.04528101E+02  6.08033688E-01  3.96595358E+01  5.50571855E-02 -1.58460669E+02  2.62102613E-02 -1.18801133E+02  3.08692079E-02  2.28773213E+01  3.74755310E-02  5.23528795E+02  1.65881312E+00  9.09777851E-03  1.49031470E-05  9.03037229E-01  1.65530261E-03
 -8.90000000E+01  9.04115879E+02  2.97289024E+00 -3.61734709E+03  7.45546447E+00 -3.31097445E+03  6.00049298E+00 -3.00451872E+02  1.42963488E+00 -2.71323121E+03  4.50407605E+00 -6.81254580E+02  6.85294341E-01  3.95882328E+01  5.83270148E-02 -1.58433485E+02  2.63990085E-02 -1.18845252E+02  3.39609373E-02  2.28311981E+01  4.35342611E-02  5.21469931E+02  1.93842181E+00  9.07943640E-03  1.73125630E-05  8.21038479E-01  2.36999509E-03
 -9.00000000E+01  9.09216270E+02  2.86710726E+00 -3.62745265E+03  7.19615393E+00 -3.31919365E+03  5.84746091E+00 -3.02298818E+02  1.32761592E+00 -2.71823638E+03  4.35390808E+00 -6.58440689E+02  5.79504148E-01  3.97197374E+01  5.53062183E-02 -1.58493872E+02  2.03035041E-02 -1.18774134E+02  3.65822168E-02  2.28866188E+01  4.27425365E-02  5.23933918E+02  1.89608289E+00  9.10147589E-03  1.69977126E-05  9.19387972E-01  1.56112849E-03
 -9.10000000E+01  8.69255156E+02  6.83613888E+00 -3.52789611E+03  1.72101120E+01 -3.23824638E+03  1.40703123E+01 -2.84102164E+02  3.07968197E+00 -2.65864095E+03  1.03874431E+01 -6.29183310E+02  1.17141085E+00  3.89332445E+01  1.34300501E-01 -1.58172284E+02  5.38467874E-02 -1.19239040E+02  8.15966702E-02  2.23017323E+01  1.01614184E-01  4.98103171E+02  4.46240223E+00  8.86888016E-03  4.04095974E-05  7.52472827E-01  4.22384391E-03
 -9.20000000E+01  8.24885090E+02  9.12591959E+00 -3.41778220E+03  2.28120459E+01 -3.14762837E+03  1.88686775E+01 -2.65088831E+02  3.83902316E+00 -2.59289711E+03  1.36985944E+01 -6.01231138E+02  1.16561213E+00  3.80370754E+01  1.84229451E-01 -1.57854117E+02  5.87654549E-02 -1.19817042E+02  1.27010985E-01  2.16485432E+01  1.36672019E-01  4.69741920E+02  5.87960227E+00  8.60912205E-03  5.43512831E-05  7.05795219E-01  2.96223067E-03
 -9.30000000E+01  7.92960711E+02  7.66589611E+00 -3.33948774E+03  1.90166505E+01 -3.08277557E+03  1.58835040E+01 -2.52029293E+02  3.04946087E+00 -2.54652703E+03  1.13756628E+01 -5.76251231E+02  8.89895482E-01  3.73727788E+01  1.62008434E-01 -1.57609908E+02  5.75400902E-02 -1.20237129E+02  1.08773865E-01  2.11857612E+01  1.13538046E-01  4.49688462E+02  4.83746873E+00  8.42508441E-03  4.51514401E-05  6.27609007E-01  2.86054564E-03
 -9.40000000E+01  7.54733769E+02  6.32886042E+00 -3.24529118E+03  1.50598787E+01 -3.00354129E+03  1.27416998E+01 -2.37534743E+02  2.25991784E+00 -2.49055741E+03  8.78403656E+00 -5.51719389E+02  4.53486577E-01  3.65491481E+01  1.47636103E-01 -1.57326602E+02  5.78322540E-02 -1.20777453E+02  9.76201796E-02  2.06259364E+01  8.96443025E-02  4.25990402E+02  3.75756690E+00  8.20245509E-03  3.56494540E-05  7.77444895E-01  2.92752905E-03
 -9.50000000E+01  7.64409908E+02  5.05942147E+00 -3.26982348E+03  1.21659691E+01 -3.02476551E+03  1.03058692E+01 -2.40690341E+02  1.80558951E+00 -2.50541358E+03  7.14616529E+00 -5.31731920E+02  4.08600961E-01  3.67628827E+01  1.17592844E-01 -1.57376611E+02  4.72948338E-02 -1.20613728E+02  7.51365246E-02  2.07755964E+01  7.20325448E-02  4.32039305E+02  3.00756175E+00  8.26197139E-03  2.86456676E-05  7.84397399E-01  2.89845533E-03
 -9.60000000E+01  7.21834747E+02  2.87750446E+00 -3.16206510E+03  6.88055379E+00 -2.93338891E+03  5.85574550E+00 -2.24925847E+02  1.01853166E+00 -2.44023035E+03  4.14540900E+00 -5.09046209E+02  3.01548044E-01  3.58729897E+01  7.48261837E-02 -1.57185053E+02  4.17883741E-02 -1.21312064E+02  4.55487469E-02  2.01165015E+01  4.17557785E-02  4.04811262E+02  1.73110628E+00  7.99986469E-03  1.66053019E-05  7.24326928E-01  3.08435872E-03
 -9.70000000E+01  7.20811570E+02  3.64210511E+00 -3.16501960E+03  8.17536396E+00 -2.93513599E+03  7.05012648E+00 -2.26035157E+02  1.14721017E+00 -2.44420803E+03  4.72647268E+00 -4.89316653E+02  3.39960743E-01  3.57534235E+01  1.04638598E-01 -1.57041247E+02  6.24241344E-02 -1.21287824E+02  5.58060070E-02  2.01535194E+01  4.80127998E-02  4.06318231E+02  1.96897419E+00  8.01458583E-03  1.90935737E-05  8.55159446E-01  2.44567679E-03
 -9.80000000E+01  7.23061859E+02  2.49414004E+00 -3.16302438E+03  6.25205438E+00 -2.93451038E+03  5.31556734E+00 -2.24726248E+02  9.25145313E-01 -2.43996252E+03  3.84894443E+00 -4.68220097E+02  2.66303537E-01  3.59301892E+01  6.07022237E-02 -1.57207331E+02  3.27144591E-02 -1.21277142E+02  3.98343038E-02  2.01198207E+01  3.82104384E-02  4.04920757E+02  1.56890079E+00  8.00118464E-03  1.51954026E-05  7.54822113E-01  2.89582969E-03
 -9.90000000E+01  7.13196963E+02  1.30616941E+00 -3.14372071E+03  1.81688861E+00 -2.91738418E+03  1.69445069E+00 -2.22647253E+02  2.57795338E-01 -2.43052375E+03  1.04218626E+00 -4.48736855E+02  3.42331751E-01  3.56258403E+01  5.98561066E-02 -1.57043489E+02  4.68646019E-02 -1.21417648E+02  1.83197649E-02  2.00180494E+01  9.45970310E-03  4.00746664E+02  3.86622662E-01  7.96071258E-03  3.76190388E-06  7.28659477E-01  3.00814373E-03
 -1.00000000E+02  7.10446916E+02  2.08490353E+00 -3.14213633E+03  3.81876080E+00 -2.91506903E+03  3.40378807E+00 -2.23362946E+02  5.31151925E-01 -2.43168942E+03  2.11167955E+00 -4.28855307E+02  3.53502096E-01  3.54686082E+01  7.85906288E-02 -1.56883056E+02  5.59582656E-02 -1.21414447E+02  2.98401561E-02  2.00283411E+01  2.13020736E-02  4.01173787E+02  8.72133154E-01  7.96480535E-03  8.47133919E-06  9.09383881E-01  1.68779689E-03
 -1.01000000E+02  7.09996061E+02  1.44466870E+00 -3.13735020E+03  1.67363484E+00 -2.91183305E+03  1.70090813E+00 -2.21819214E+02  2.05395302E-01 -2.42735414E+03  6.73622379E-01 -4.08635496E+02  3.26211614E-01  3.55210679E+01  6.71163479E-02 -1.56966379E+02  5.32975419E-02 -1.21445311E+02  1.82231781E-02  1.99873133E+01  5.89359611E-03  3.99506110E+02  2.29863386E-01  7.94848955E-03  2.34374603E-06  9.08277791E-01  2.31032352E-03
 -1.02000000E+02  7.15975096E+02  1.41443818E+00 -3.14235583E+03  2.86031661E+00 -2.91745775E+03  2.46485596E+00 -2.21221818E+02  3.87663472E-01 -2.42638073E+03  1.62524096E+00 -3.87822582E+02  2.77042790E-01  3.58196901E+01  4.90552378E-02 -1.57226881E+02  3.26259130E-02 -1.21407191E+02  2.29331501E-02  1.99858642E+01  1.59348565E-02  3.99483738E+02  6.32000523E-01  7.94791328E-03  6.33692169E-06  7.34131864E-01  5.15822935E-03
 -1.03000000E+02  7.10965504E+02  2.16984175E+00 -3.13051340E+03  5.11683144E+00 -2.90706233E+03  4.45179670E+00 -2.19766380E+02  6.51996368E-01 -2.41954790E+03  2.99983722E+00 -3.67689589E+02  2.84433755E-01  3.56824389E+01  6.32881806E-02 -1.57142853E+02  4.16602305E-02 -1.21460414E+02  2.46755627E-02  1.99209545E+01  2.78774051E-02  3.96918667E+02  1.08689853E+00  7.92210019E-03  1.10861953E-05  7.28747992E-01  4.51972881E-03
 -1.04000000E+02  7.04793079E+02  2.54149028E+00 -3.12077881E+03  6.03865818E+00 -2.89786464E+03  5.24185337E+00 -2.19267684E+02  8.20396909E-01 -2.41598573E+03  3.68821504E+00 -3.47676521E+02  3.33844513E-01  3.54302547E+01  7.87204467E-02 -1.56916264E+02  5.49650625E-02 -1.21486010E+02  2.88098317E-02  1.98875886E+01  3.40756561E-02  3.95619759E+02  1.32843262E+00  7.90883134E-03  1.35510955E-05  9.01597453E-01  2.58156428E-03
 -1.05000000E+02  7.10447134E+02  2.14502183E+00 -3.12920347E+03  4.58064796E+00 -2.90590202E+03  4.02505964E+00 -2.19633829E+02  5.51534151E-01 -2.41875634E+03  2.49504665E+00 -3.27734465E+02  2.56972598E-01  3.56671681E+01  6.84704377E-02 -1.57127563E+02  4.44181463E-02 -1.21460395E+02  2.64096313E-02  1.99144940E+01  2.40907961E-02  3.96666072E+02  9.39199466E-01  7.91953101E-03  9.58034901E-06  8.02253146E-01  4.87973517E-03
 -1.06000000E+02  6.80063887E+02  4.46519208E+00 -3.05309619E+03  1.11961471E+01 -2.84015495E+03  9.67148446E+00 -2.09540466E+02  1.49782813E+00 -2.37303231E+03  6.77010744E+00 -3.07295479E+02  2.55247144E-01  3.48692839E+01  1.18277799E-01 -1.56650116E+02  6.87495955E-02 -1.21780832E+02  5.13328992E-02  1.94880833E+01  6.34376189E-02  3.80097696E+02  2.45889406E+00  7.74995738E-03  2.52276649E-05  8.84585951E-01  3.96467159E-03
 -1.07000000E+02  6.77341854E+02  4.35917956E+00 -3.04531817E+03  1.10138101E+01 -2.83379213E+03  9.47092797E+00 -2.08114505E+02  1.51091088E+00 -2.36797632E+03  6.68623930E+00 -2.88183052E+02  2.64514118E-01  3.48152325E+01  1.14708287E-01 -1.56656370E+02  6.67179633E-02 -1.21841138E+02  4.96114655E-02  1.94373203E+01  6.24168725E-02  3.78199876E+02  2.40574070E+00  7.72977011E-03  2.48217379E-05  6.64041069E-01  7.27637733E-03
 -1.08000000E+02  6.53755759E+02  5.15943122E+00 -2.97867300E+03  1.41013509E+01 -2.77686022E+03  1.20847130E+01 -1.98643201E+02  1.97376918E+00 -2.32491724E+03  8.99379489E+00 -2.67973876E+02  3.24410247E-01  3.42778300E+01  1.25340824E-01 -1.56372657E+02  6.61937822E-02 -1.22094827E+02  6.22132458E-02  1.90457719E+01  8.27520695E-02  3.63438887E+02  3.10566996E+00  7.57406045E-03  3.29085728E-05  7.29070496E-01  6.08957150E-03
 -1.09000000E+02  5.74442539E+02  7.08214082E+00 -2.72894969E+03  2.31539526E+01 -2.56351015E+03  1.97865314E+01 -1.63134062E+02  3.28213298E+00 -2.15450715E+03  1.60834281E+01 -2.45749407E+02  3.64457814E-01  3.27280238E+01  1.31755055E-01 -1.55820556E+02  3.31897290E-02 -1.23092532E+02  1.03104643E-01  1.75115389E+01  1.45200577E-01  3.08100321E+02  5.11056639E+00  6.96393167E-03  5.77428919E-05  8.91526022E-01  2.12411677E-03
 -1.10000000E+02  5.28371945E+02  4.34135775E+00 -2.57758986E+03  1.36133431E+01 -2.43377867E+03  1.16826963E+01 -1.42073516E+02  1.88607212E+00 -2.04921792E+03  9.28544409E+00 -2.28308795E+02  1.93475419E-01  3.18696829E+01  8.81493772E-02 -1.55702507E+02  2.59157306E-02 -1.23832824E+02  6.66322849E-02  1.65537193E+01  8.48247885E-02  2.74868003E+02  2.98206395E+00  6.58302908E-03  3.37328453E-05  7.97668235E-01  1.85520579E-03
 -1.11000000E+02  5.10777499E+02  1.63399342E+00 -2.51928177E+03  5.34242103E+00 -2.38356115E+03  4.60138249E+00 -1.34174496E+02  7.19928569E-01 -2.00850427E+03  3.72053627E+00 -2.11923309E+02  1.76176633E-01  3.15448552E+01  3.29861425E-02 -1.55650814E+02  6.64236757E-03 -1.24105959E+02  3.07957965E-02  1.61854140E+01  3.41251600E-02  2.62200483E+02  1.15438966E+00  6.43656265E-03  1.35707824E-05  8.89745072E-01  1.09646642E-03
 -1.12000000E+02  5.04229506E+02  5.56483782E-01 -2.49939839E+03  1.74025857E+00 -2.36653074E+03  1.49646435E+00 -1.31409910E+02  2.35187596E-01 -1.99516888E+03  1.21896262E+00 -1.97149794E+02  1.62406601E-01  3.14049389E+01  1.46417635E-02 -1.55689414E+02  6.79248304E-03 -1.24284475E+02  1.49929680E-02  1.60537418E+01  1.14057169E-02  2.57789461E+02  3.84154635E-01  6.38419968E-03  4.53578832E-06  6.57152826E-01  1.11011781E-03
 -1.13000000E+02  5.02900832E+02  2.79416659E-01 -2.49345203E+03  7.14619038E-01 -2.36130224E+03  6.19475574E-01 -1.30716691E+02  9.20947770E-02 -1.99055120E+03  5.17026305E-01 -1.80573536E+02  1.71463579E-01  3.13958548E+01  1.18449349E-02 -1.55670529E+02  5.33840185E-03 -1.24274675E+02  1.15973503E-02  1.60175014E+01  4.62740927E-03  2.56579236E+02  1.53621242E-01  6.36978771E-03  1.84021304E-06  8.04892427E-01  6.73717248E-04
 -1.14000000E+02  5.02214537E+02  2.20372735E-01 -2.49210191E+03  4.90376218E-01 -2.36014619E+03  4.26155567E-01 -1.30554224E+02  6.48882237E-02 -1.98988737E+03  3.86490624E-01 -1.64881152E+02  1.65902895E-01  3.13705727E+01  1.13701376E-02 -1.55670515E+02  5.19400052E-03 -1.24299942E+02  1.05687192E-02  1.60088265E+01  3.13443980E-03  2.56291325E+02  1.03470508E-01  6.36633789E-03  1.24649380E-06  8.35234282E-01  5.03376164E-04
 -1.15000000E+02  5.01942101E+02  1.86077236E-01 -2.49110617E+03  1.98630484E-01 -2.35927907E+03  1.76844563E-01 -1.30406422E+02  2.71623949E-02 -1.98916407E+03  2.04422402E-01 -1.48903727E+02  1.57122097E-01  3.13667931E+01  1.17443961E-02 -1.55672130E+02  6.07789388E-03 -1.24305337E+02  9.88488336E-03  1.60022638E+01  1.24030471E-03  2.56074720E+02  4.09299022E-02  6.36372807E-03  4.93240335E-07  7.68845062E-01  5.46225559E-04
 -1.16000000E+02  5.01824083E+02  1.77385358E-01 -2.49088827E+03  9.09105017E-02 -2.35908970E+03  9.16330765E-02 -1.30379616E+02  1.47592712E-02 -1.98906419E+03  1.71043604E-01 -1.33017472E+02  1.73217135E-01  3.13631616E+01  1.10534208E-02 -1.55676607E+02  5.44141763E-03 -1.24313446E+02  1.08372746E-02  1.60004027E+01  1.70310107E-04  2.56013341E+02  5.61692217E-03  6.36298796E-03  6.77283682E-08  7.28156255E-01  5.13439004E-04
 -1.17000000E+02  5.02034810E+02  1.89035895E-01 -2.49084578E+03  9.66256839E-02 -2.35904693E+03  9.38922578E-02 -1.30362421E+02  1.23328412E-02 -1.98881097E+03  1.79423920E-01 -1.16788879E+02  1.77448493E-01  3.13767791E+01  1.17391364E-02 -1.55676019E+02  5.45952168E-03 -1.24299240E+02  1.10921910E-02  1.60001888E+01  2.65258193E-04  2.56006390E+02  8.74914206E-03  6.36290287E-03  1.05487013E-07  7.17773153E-01  5.11186784E-04
 -1.18000000E+02  5.02292840E+02  2.08301600E-01 -2.49025522E+03  1.23806347E-01 -2.35838528E+03  1.26191218E-01 -1.30412442E+02  1.42401822E-02 -1.98796238E+03  1.92992549E-01 -1.00012367E+02  1.91951723E-01  3.13941128E+01  1.29880031E-02 -1.55645059E+02  7.37620782E-03 -1.24250946E+02  1.19980467E-02  1.59995763E+01  2.02474626E-04  2.55986867E+02  6.27671342E-03  6.36265932E-03  8.05194478E-08  9.60094811E-01  2.27284396E-04
 -1.19000000E+02  5.02414928E+02  2.04915647E-01 -2.48970116E+03  1.54781155E-01 -2.35784186E+03  1.49938742E-01 -1.30425581E+02  1.62726614E-02 -1.98728623E+03  2.16067459E-01 -8.34110932E+01  2.04135968E-01  3.14029393E+01  1.27677499E-02 -1.55616454E+02  7.96237718E-03 -1.24213514E+02  1.27399544E-02  1.59989507E+01  4.12338880E-04  2.55967472E+02  1.27825053E-02  6.36241053E-03  1.63977578E-07  9.81400169E-01  1.69568451E-04
 -1.20000000E+02  5.01522787E+02  2.09178302E-01 -2.48979435E+03  1.37452977E-01 -2.35802086E+03  1.34103305E-01 -1.30350245E+02  1.62928199E-02 -1.98827156E+03  1.96392394E-01 -6.84866240E+01  1.90635775E-01  3.13485778E+01  1.30107249E-02 -1.55629483E+02  7.47935310E-03 -1.24280905E+02  1.19138394E-02  1.59982078E+01  3.78199808E-04  2.55944442E+02  1.17241941E-02  6.36211509E-03  1.50401263E-07  9.11766825E-01  3.73360247E-04
 -1.21000000E+02  5.01802764E+02  2.49335100E-01 -2.48915964E+03  2.13401514E-01 -2.35740453E+03  2.00199255E-01 -1.30302858E+02  2.31919178E-02 -1.98735688E+03  2.56942949E-01 -5.20519729E+01  2.21157414E-01  3.13736869E+01  1.55348625E-02 -1.55628037E+02  8.11519177E-03 -1.24254350E+02  1.38225219E-02  1.59942554E+01  9.93664424E-04  2.55822039E+02  3.07590845E-02  6.36054331E-03  3.95157219E-07  9.47469131E-01  3.19241477E-04
 -1.22000000E+02  5.01783927E+02  2.53959095E-01 -2.48714073E+03  4.53286844E-01 -2.35560984E+03  4.13547931E-01 -1.30101772E+02  4.51471084E-02 -1.98535680E+03  3.77783247E-01 -3.56189233E+01  2.16688051E-01  3.13969970E+01  1.45985199E-02 -1.55625449E+02  8.88433606E-03 -1.24228452E+02  1.35103069E-02  1.59814580E+01  2.39939602E-03  2.55427063E+02  7.42911909E-02  6.35545409E-03  9.54183962E-07  9.66159450E-01  2.97636613E-04
 -1.23000000E+02  5.00595123E+02  3.19658219E-01 -2.48335793E+03  9.22761213E-01 -2.35220730E+03  8.30466398E-01 -1.29703346E+02  9.23688499E-02 -1.98276281E+03  6.80269528E-01 -1.97912531E+01  1.91731553E-01  3.13645974E+01  1.37192329E-02 -1.55604243E+02  9.41138335E-03 -1.24239646E+02  1.20074203E-02  1.59591183E+01  5.29936756E-03  2.54750025E+02  1.60247608E-01  6.34657011E-03  2.10743518E-06  9.45366324E-01  5.67472504E-04
 -1.24000000E+02  4.62859865E+02  1.29487723E+01 -2.31088691E+03  5.94094661E+01 -2.19206215E+03  5.53111335E+01 -1.17508205E+02  4.06606791E+00 -1.84802705E+03  4.64660029E+01 -2.76319193E+00  3.19365677E-01             NAN             NAN             NAN             NAN             NAN             NAN  1.48811601E+01  3.73027711E-01  2.31830365E+02  7.63652688E+00  5.91789121E-03  1.48344443E-04  9.33127580E-01  8.56291125E-03
 -1.25000000E+02  1.82156569E+01  5.63889965E-01 -1.15364658E+02  3.33564541E+00 -1.14800086E+02  3.30007949E+00 -5.29192608E-01  3.89880082E-02 -9.71490014E+01  2.77328925E+00  1.25523441E+00  7.16897349E-02             NAN             NAN             NAN             NAN             NAN             NAN  7.87233887E-01  2.26235113E-02  1.83014424E+00  1.00676833E-01  3.13064604E-04  8.99684418E-06  8.48305727E-01  6.28836295E-04
