#              u               K              ΔK               V              ΔV           V_ext          ΔV_ext           V_int          ΔV_int               E              ΔE            E_mu           ΔE_mu             K/N            ΔK/N             V/N            ΔV/N             E/N            ΔE/N               N              ΔN             N^2            ΔN^2         density        Δdensity        diagonal       Δdiagonal
 -1.50000000E+01  1.81757207E+03  2.98171230E+00 -5.28515211E+03  3.48324266E+00 -4.31403530E+03  9.93562443E-01 -9.49507916E+02  2.51034797E+00 -3.46758005E+03  8.68822810E-01 -2.76550082E+03  6.92446591E-01  3.88307886E+01  2.55470793E-02 -1.12926109E+02  5.11373768E-02 -7.40953201E+01  6.96425830E-02  4.68052816E+01  5.12809146E-02  2.19110463E+03  4.81459229E+00  1.86133717E-02  2.03932276E-05  7.26132330E-01  8.28304503E-03
 -1.60000000E+01  1.77484267E+03  2.76267377E+00 -5.25984657E+03  3.64352897E+00 -4.30654408E+03  1.07058618E+00 -9.33026817E+02  2.56315517E+00 -3.48500390E+03  1.14877269E+00 -2.74825027E+03  7.95765974E-01  3.85432374E+01  2.29556813E-02 -1.14244923E+02  6.33130323E-02 -7.57016854E+01  7.32961762E-02  4.60471021E+01  5.66063493E-02  2.12100543E+03  5.21028387E+00  1.83118613E-02  2.25110289E-05  5.55661739E-01  9.15055319E-03
 -1.70000000E+01  2.00479925E+03  1.79250927E+00 -5.46129209E+03  2.26420654E+00 -4.55349175E+03  8.09139589E-01 -8.79743651E+02  1.50480521E+00 -3.45649284E+03  9.40942833E-01 -2.64545964E+03  7.64922588E-01  4.20224070E+01  1.93772477E-02 -1.14483001E+02  3.08823721E-02 -7.24605937E+01  3.69331418E-02  4.77078352E+01  3.04792795E-02  2.27642833E+03  2.90462519E+00  1.89722963E-02  1.21208999E-05  7.63978436E-01  6.07484426E-03
 -1.80000000E+01  1.72769861E+03  1.53964068E+00 -5.19095412E+03  2.16530315E+00 -4.28857377E+03  6.09198689E-01 -8.82764912E+02  1.63554693E+00 -3.46325551E+03  1.11609608E+00 -2.65636952E+03  6.86144318E-01  3.85423037E+01  2.11677722E-02 -1.15817186E+02  5.97352503E-02 -7.72748824E+01  5.23904057E-02  4.48269993E+01  4.10052608E-02  2.01003759E+03  3.69596922E+00  1.78266548E-02  1.63068378E-05  6.76612470E-01  5.38883064E-03
 -1.90000000E+01  1.71045882E+03  1.50899429E+00 -5.16722181E+03  1.69027507E+00 -4.28138728E+03  5.21137282E-01 -8.66460668E+02  1.22933119E+00 -3.45676299E+03  8.33210932E-01 -2.61240325E+03  6.92285550E-01  3.84899708E+01  2.68491411E-02 -1.16287420E+02  3.84237747E-02 -7.77974496E+01  3.50580935E-02  4.44399862E+01  2.58022990E-02  1.97534191E+03  2.31224087E+00  1.76727488E-02  1.02609736E-05  6.23047875E-01  5.15167986E-03
 -2.00000000E+01  1.95055232E+03  1.38790136E+00 -5.37939750E+03  1.84032420E+00 -4.52986567E+03  9.25655491E-01 -8.22263324E+02  1.11860889E+00 -3.42884518E+03  9.37781190E-01 -2.50226807E+03  7.34507194E-01  4.21033150E+01  2.03416094E-02 -1.16126125E+02  3.29926735E-02 -7.40228097E+01  3.07182045E-02  4.63288554E+01  2.60111428E-02  2.14685226E+03  2.42623393E+00  1.84239081E-02  1.03440269E-05  7.00314969E-01  4.51175091E-03
 -2.10000000E+01  1.69019595E+03  1.51868847E+00 -5.13074236E+03  1.62149599E+00 -4.27151688E+03  6.57048323E-01 -8.40133549E+02  1.09821806E+00 -3.44054641E+03  7.52573361E-01 -2.52166169E+03  6.84813633E-01  3.86279711E+01  2.39692197E-02 -1.17270932E+02  2.96355652E-02 -7.86429612E+01  3.55146414E-02  4.37564152E+01  2.18349291E-02  1.91505812E+03  1.89909847E+00  1.74009085E-02  8.68324404E-06  7.96133860E-01  6.23686793E-03
 -2.20000000E+01  1.91289233E+03  1.61982285E+00 -5.31751350E+03  2.19549259E+00 -4.51120057E+03  1.06716495E+00 -7.79537742E+02  1.26707528E+00 -3.40462117E+03  1.01835684E+00 -2.40953185E+03  7.46054243E-01  4.22943537E+01  1.82990545E-02 -1.17587704E+02  4.09192810E-02 -7.52933505E+01  4.33175455E-02  4.52313329E+01  3.12563446E-02  2.04668883E+03  2.81537150E+00  1.79874489E-02  1.24299208E-05  7.23717003E-01  4.74857530E-03
 -2.30000000E+01  1.88425882E+03  1.01522757E+00 -5.26486181E+03  1.47070900E+00 -4.49610215E+03  5.19519698E-01 -7.42476899E+02  9.87986029E-01 -3.38060299E+03  7.36307318E-01 -2.36364580E+03  4.20684237E-01  4.26242239E+01  1.40834469E-02 -1.19118752E+02  3.97267004E-02 -7.64945282E+01  3.37995784E-02  4.42155301E+01  2.66253164E-02  1.95635155E+03  2.35949372E+00  1.75834878E-02  1.05882689E-05  7.22805429E-01  1.10456353E-02
 -2.40000000E+01  1.74884270E+03  2.20421552E+01 -5.06810624E+03  2.73474557E+01 -4.38139088E+03  2.16760460E+01 -6.63617908E+02  5.19834000E+00 -3.31926354E+03  5.40998135E+00 -2.33959659E+03  4.86056044E+00  4.28986008E+01  9.47954076E-02 -1.24827247E+02  7.38504562E-01 -8.19286459E+01  8.19887466E-01  4.08194564E+01  4.23288505E-01  1.67977168E+03  3.24788754E+01  1.62329483E-02  1.68331992E-04  7.50333205E-01  5.45847440E-03
 -2.50000000E+01  1.68799138E+03  1.93584660E+00 -4.82912577E+03  4.33475293E+00 -4.34502193E+03  1.61478254E+00 -4.60832731E+02  2.71285063E+00 -3.14113439E+03  2.48061410E+00 -2.27636721E+03  4.08700373E-01  4.91213833E+01  8.54482947E-02 -1.40584047E+02  2.66554233E-01 -9.14626633E+01  1.82408918E-01  3.45906871E+01  1.01080154E-01  1.20898982E+03  7.31000356E+00  1.37559116E-02  4.01972260E-05  6.54182607E-01  1.76543752E-03
 -2.60000000E+01  1.38507297E+03  2.83906970E-01 -4.45445547E+03  2.07922527E-01 -4.02636238E+03  1.45316632E-01 -4.13791362E+02  1.12575439E-01 -3.06938251E+03  2.74145232E-01 -2.33382730E+03  2.78609850E-01  4.89727797E+01  1.05690208E-02 -1.57500613E+02  1.71550442E-02 -1.08527833E+02  1.64813766E-02  2.82905848E+01  3.97080080E-03  8.00679061E+02  2.29695564E-01  1.12505075E-02  1.57909511E-06  6.80410525E-01  3.81672356E-04
 -2.70000000E+01  1.38500891E+03  3.22791255E-01 -4.41754541E+03  1.60430860E-01 -4.01469712E+03  1.32361457E-01 -3.87790509E+02  8.96425666E-02 -3.03253650E+03  3.01000475E-01 -2.27365217E+03  2.98242247E-01  4.92815359E+01  1.17941125E-02 -1.57186255E+02  9.75159540E-03 -1.07904719E+02  1.19689397E-02  2.81068272E+01  1.89878048E-03  7.90104594E+02  1.08770950E-01  1.11774313E-02  7.55100745E-07  6.57284039E-01  3.35415033E-04
 -2.80000000E+01  1.38156357E+03  2.94762653E-01 -4.44544752E+03  1.75147417E-01 -4.02254792E+03  1.49647803E-01 -4.08707871E+02  9.68219918E-02 -3.06388395E+03  2.81707329E-01 -2.27881506E+03  2.78420519E-01  4.92760481E+01  1.04057991E-02 -1.58555616E+02  6.68867518E-03 -1.09279568E+02  1.01714556E-02  2.80381745E+01  1.03484322E-03  7.86177837E+02  5.90862516E-02  1.11501298E-02  4.11532876E-07  6.79279235E-01  2.65597345E-04
 -2.90000000E+01  1.38117421E+03  2.97869793E-01 -4.44427003E+03  1.68463027E-01 -4.02179224E+03  1.50935365E-01 -4.08266018E+02  7.54719105E-02 -3.06309582E+03  2.70970507E-01 -2.25070029E+03  2.72111355E-01  4.93042137E+01  1.05809482E-02 -1.58648738E+02  5.94942795E-03 -1.09344524E+02  9.99992261E-03  2.80136390E+01  5.64633261E-04  7.84777704E+02  3.22170285E-02  1.11403726E-02  2.24541249E-07  6.71027806E-01  2.50477070E-04
 -3.00000000E+01  1.38114613E+03  2.09335656E-01 -4.44455828E+03  9.83704427E-02 -4.02217018E+03  7.67675651E-02 -4.08135381E+02  6.68066239E-02 -3.06341215E+03  1.94301442E-01 -2.22324583E+03  1.94582914E-01  4.93171194E+01  7.44214428E-03 -1.58703648E+02  3.50595308E-03 -1.09386528E+02  7.02437253E-03  2.80055441E+01  2.49173469E-04  7.84316108E+02  1.42172460E-02  1.11371535E-02  9.90903535E-08  7.48705217E-01  1.39412651E-04
 -3.10000000E+01  1.38073276E+03  1.76875917E-01 -4.44400443E+03  9.09928651E-02 -4.02173463E+03  7.57838933E-02 -4.08023370E+02  5.58521288E-02 -3.06327166E+03  1.78807645E-01 -2.19521046E+03  1.78746277E-01  4.93084890E+01  6.33285980E-03 -1.58703559E+02  3.37197288E-03 -1.09395069E+02  6.38862156E-03  2.80019742E+01  1.23330919E-04  7.84112536E+02  7.02988762E-03  1.11357338E-02  4.90457102E-08  6.67057022E-01  1.44035412E-04
 -3.20000000E+01  1.38092525E+03  1.74510746E-01 -4.44404505E+03  9.44967006E-02 -4.02187620E+03  7.95160214E-02 -4.07945970E+02  7.75241430E-02 -3.06311980E+03  1.74495434E-01 -2.16709913E+03  1.74299642E-01  4.93176524E+01  6.22612126E-03 -1.58712333E+02  3.32105147E-03 -1.09394680E+02  6.20995977E-03  2.80006458E+01  5.27678521E-05  7.84036811E+02  3.00776757E-03  1.11352055E-02  2.09844837E-08  6.91041386E-01  1.54973587E-04
 -3.30000000E+01  1.38107854E+03  1.88986153E-01 -4.44422768E+03  9.01689039E-02 -4.02202833E+03  8.41689922E-02 -4.07932824E+02  5.28730372E-02 -3.06314914E+03  1.70826854E-01 -2.13912218E+03  1.70757214E-01  4.93227466E+01  6.74474471E-03 -1.58717908E+02  3.32981463E-03 -1.09395162E+02  6.09349994E-03  2.80008171E+01  3.23485662E-04  7.84046577E+02  1.84386828E-02  1.11352737E-02  1.28642707E-07  7.11560590E-01  1.55988289E-04
 -3.40000000E+01  1.38123296E+03  1.84306152E-01 -4.44410694E+03  9.43781452E-02 -4.02189308E+03  7.68284286E-02 -4.08005705E+02  4.99938862E-02 -3.06287398E+03  1.82532195E-01 -2.11087025E+03  1.82649254E-01  4.93295578E+01  6.57869460E-03 -1.58717499E+02  3.38097474E-03 -1.09387941E+02  6.53250739E-03  2.80001097E+01  2.61190950E-05  7.84006254E+02  1.48878842E-03  1.11349923E-02  1.03869347E-08  7.29290677E-01  1.35403248E-04
 -3.50000000E+01  1.38117742E+03  1.68014112E-01 -4.44413292E+03  9.34718255E-02 -4.02188592E+03  7.69474313E-02 -4.07994041E+02  4.79884670E-02 -3.06295550E+03  1.62131414E-01 -2.08295412E+03  1.62068257E-01  4.93276973E+01  6.00094766E-03 -1.58718815E+02  3.33717366E-03 -1.09391118E+02  5.78368959E-03  2.80000394E+01  1.34593117E-05  7.84002245E+02  7.67180768E-04  1.11349644E-02  5.35243444E-09  7.45230503E-01  1.39684671E-04
 -3.60000000E+01  1.38099247E+03  1.73351160E-01 -4.44414645E+03  8.86280186E-02 -4.02187680E+03  7.99778780E-02 -4.08047231E+02  5.07599277E-02 -3.06315398E+03  1.61392940E-01 -2.05515337E+03  1.61386204E-01  4.93211302E+01  6.19354003E-03 -1.58719422E+02  3.17961192E-03 -1.09398292E+02  5.76338533E-03  2.80000171E+01  7.48963707E-06  7.84000974E+02  4.26909313E-04  1.11349555E-02  2.97843998E-09  6.82630277E-01  1.33174382E-04
 -3.70000000E+01  1.38090791E+03  2.01708689E-01 -4.44402922E+03  9.56095206E-02 -4.02186351E+03  7.42264611E-02 -4.07953215E+02  4.77694719E-02 -3.06312130E+03  1.61754248E-01 -2.02712094E+03  1.61725411E-01  4.93181231E+01  7.20513878E-03 -1.58715275E+02  3.41652490E-03 -1.09397152E+02  5.77406781E-03  2.80000099E+01  5.49792107E-06  7.84000565E+02  3.13381501E-04  1.11349526E-02  2.18638219E-09  6.86352855E-01  1.37591334E-04
 -3.80000000E+01  1.38094298E+03  1.64189193E-01 -4.44402041E+03  9.00305430E-02 -4.02180910E+03  8.20291106E-02 -4.08005269E+02  5.04327015E-02 -3.06307743E+03  1.56767116E-01 -1.99907722E+03  1.56764434E-01  4.93193817E+01  5.86431985E-03 -1.58714983E+02  3.21527069E-03 -1.09395601E+02  5.59856869E-03  2.80000057E+01  3.20141410E-06  7.84000327E+02  1.82480603E-04  1.11349510E-02  1.27311854E-09  6.89062031E-01  1.28419193E-04
 -3.90000000E+01  1.38323841E+03  2.09007833E-01 -4.41374944E+03  8.91512470E-02 -4.01310368E+03  8.29208795E-02 -3.85660067E+02  4.62799566E-02 -3.03051103E+03  1.76643345E-01 -1.93851101E+03  1.76645460E-01  4.94013713E+01  7.46455492E-03 -1.57633907E+02  3.18419234E-03 -1.08232535E+02  6.30889326E-03  2.80000003E+01  3.25520833E-07  7.84000018E+02  1.85546875E-05  1.11349488E-02  1.29448785E-10  6.86649276E-01  1.39528857E-04
 -4.00000000E+01  1.38070108E+03  2.00037648E-01 -4.44402942E+03  8.72162911E-02 -4.02181462E+03  7.66799403E-02 -4.08004289E+02  4.61166905E-02 -3.06332834E+03  2.13145008E-01 -1.94332834E+03  2.13145008E-01  4.93107530E+01  7.14420119E-03 -1.58715336E+02  3.11486756E-03 -1.09404583E+02  7.61232117E-03  2.80000000E+01  0.00000000E+00  7.84000000E+02  0.00000000E+00  1.11349487E-02  1.34273106E-17  6.86734816E-01  1.36788697E-04
 -4.10000000E+01  1.38101105E+03  1.74760457E-01 -4.44411403E+03  8.79156198E-02 -4.02187042E+03  8.12185459E-02 -4.08021253E+02  4.76369447E-02 -3.06310298E+03  1.73436610E-01 -1.91510463E+03  1.73436610E-01  4.93218903E+01  6.24144476E-03 -1.58718584E+02  3.13984363E-03 -1.09396694E+02  6.19416452E-03  2.79999596E+01  4.04214147E-05  7.83997814E+02  2.18641152E-03  1.11349326E-02  1.60746614E-08  6.92453100E-01  1.57645127E-04
 -4.20000000E+01  1.38113919E+03  1.81751602E-01 -4.44411447E+03  8.48292943E-02 -4.02188348E+03  7.38324293E-02 -4.08015778E+02  4.79815333E-02 -3.06297528E+03  1.73036404E-01 -1.88697605E+03  1.73148172E-01  4.93264295E+01  6.48637672E-03 -1.58718477E+02  3.02577085E-03 -1.09392047E+02  6.19072754E-03  2.79999817E+01  1.84755068E-05  7.83998994E+02  1.01615287E-03  1.11349414E-02  7.34728674E-09  6.95374396E-01  1.31835059E-04
 -4.30000000E+01  1.38069440E+03  1.50548299E-01 -4.44406191E+03  7.13762880E-02 -4.02181018E+03  5.99284340E-02 -4.08050912E+02  4.28158981E-02 -3.06336751E+03  1.41185312E-01 -1.85937288E+03  1.40371933E-01  4.93107269E+01  5.37117878E-03 -1.58717202E+02  2.43429512E-03 -1.09406475E+02  4.98271105E-03  2.79998751E+01  1.26728996E-04  7.83993130E+02  6.97009477E-03  1.11348990E-02  5.03971824E-08  6.79662944E-01  4.33850968E-03
 -4.40000000E+01  1.38076487E+03  1.67035411E-01 -4.44396022E+03  9.87103738E-02 -4.02174223E+03  8.30629944E-02 -4.07986426E+02  5.78520986E-02 -3.06319535E+03  1.56807697E-01 -1.83119535E+03  1.56807697E-01  4.93130311E+01  5.96555040E-03 -1.58712865E+02  3.52537073E-03 -1.09399834E+02  5.60027491E-03  2.80000000E+01  0.00000000E+00  7.84000000E+02  0.00000000E+00  1.11349487E-02  1.34455609E-17  6.64229272E-01  1.49131276E-04
 -4.50000000E+01  1.38103038E+03  1.73837460E-01 -4.44405461E+03  1.10649012E-01 -4.02193607E+03  8.67863401E-02 -4.07894509E+02  5.64745762E-02 -3.06302423E+03  1.70059941E-01 -1.80302521E+03  1.69907579E-01  4.93225506E+01  6.20924188E-03 -1.58716358E+02  3.89648356E-03 -1.09393808E+02  6.06060789E-03  2.79999784E+01  2.16427365E-05  7.83998810E+02  1.19035051E-03  1.11349401E-02  8.60682010E-09  6.73669191E-01  1.63431193E-04
 -4.60000000E+01  1.38103387E+03  1.85698231E-01 -4.44398936E+03  9.20105703E-02 -4.02186272E+03  7.84934948E-02 -4.07911154E+02  5.17076514E-02 -3.06295549E+03  1.67947108E-01 -1.77495549E+03  1.67947108E-01  4.93226382E+01  6.63207977E-03 -1.58713906E+02  3.28609140E-03 -1.09391267E+02  5.99811139E-03  2.80000000E+01  0.00000000E+00  7.84000000E+02  0.00000000E+00  1.11349487E-02  1.47669180E-17  6.82873873E-01  1.51060237E-04
 -4.70000000E+01  1.38071384E+03  1.90036506E-01 -4.44408425E+03  9.48677528E-02 -4.02192945E+03  8.23093980E-02 -4.07925150E+02  6.24118935E-02 -3.06337041E+03  1.74634509E-01 -1.74737747E+03  1.72396121E-01  4.93114661E+01  6.84318871E-03 -1.58718139E+02  3.38897941E-03 -1.09406673E+02  6.06403209E-03  2.79998499E+01  1.06221236E-04  7.83991743E+02  5.84216796E-03  1.11348890E-02  4.22417309E-08  6.91364599E-01  1.72002461E-04
 -4.80000000E+01  1.38091210E+03  2.19043189E-01 -4.44391332E+03  1.27127843E-01 -4.02173190E+03  9.87387351E-02 -4.07956080E+02  5.34390952E-02 -3.06300121E+03  2.09401608E-01 -1.71905139E+03  2.02258803E-01  4.93200741E+01  7.87842679E-03 -1.58717078E+02  3.14364947E-03 -1.09397004E+02  7.04129900E-03  2.79989546E+01  5.20228272E-04  7.83942505E+02  2.86125550E-02  1.11345330E-02  2.06882720E-07  6.99220358E-01  2.33813058E-04
 -4.90000000E+01  1.37899809E+03  1.78258929E+00 -4.44034256E+03  3.28368119E+00 -4.01895448E+03  2.62660673E+00 -4.07214562E+02  6.32739381E-01 -3.06134447E+03  1.51276818E+00 -1.69044167E+03  5.76818669E-01  4.92868329E+01  3.20852662E-02 -1.58709868E+02  8.67924686E-03 -1.09423035E+02  2.38197823E-02  2.79776081E+01  1.93169642E-02  7.82789650E+02  1.04317951E+00  1.11260440E-02  7.68190756E-06  7.06586853E-01  2.65689628E-04
 -5.00000000E+01  1.38108057E+03  1.90856521E-01 -4.44413319E+03  9.65298185E-02 -4.02196924E+03  9.47159144E-02 -4.07947490E+02  5.10166865E-02 -3.06305262E+03  1.76620427E-01 -1.66306926E+03  1.76699674E-01  4.93248790E+01  6.75269970E-03 -1.58720913E+02  3.09658152E-03 -1.09396034E+02  6.33950865E-03  2.79996672E+01  2.00305536E-04  7.83981699E+02  1.10168045E-02  1.11348164E-02  7.96568784E-08  7.14170567E-01  2.39816076E-04
 -5.10000000E+01  1.38109076E+03  1.41351391E-01 -4.44419263E+03  1.24085188E-01 -4.02198556E+03  1.02955730E-01 -4.07989188E+02  4.61414484E-02 -3.06310187E+03  1.37340856E-01 -1.63516057E+03  1.30436859E-01  4.93266463E+01  4.84034123E-03 -1.58727653E+02  2.90045599E-03 -1.09401007E+02  4.57505349E-03  2.79988490E+01  5.50127829E-04  7.83936693E+02  3.02570306E-02  1.11344910E-02  2.18773076E-07  7.55911445E-01  4.50109659E-03
 -5.20000000E+01  1.38062439E+03  6.87573809E-01 -4.44286744E+03  1.24138571E+00 -4.02095676E+03  9.98716123E-01 -4.07679478E+02  2.46108843E-01 -3.06224305E+03  6.13494776E-01 -1.60667920E+03  2.71275759E-01  4.93219072E+01  1.31012467E-02 -1.58721092E+02  4.76650475E-03 -1.09399184E+02  1.01797388E-02  2.79916125E+01  7.29212661E-03  7.83545611E+02  3.94059546E-01  1.11316132E-02  2.89990923E-06  7.27083725E-01  2.93136410E-04
 -5.30000000E+01  1.37861385E+03  1.93508052E+00 -4.43935187E+03  3.60483187E+00 -4.01811177E+03  2.87769328E+00 -4.07015733E+02  7.00102441E-01 -3.06073802E+03  1.68076331E+00 -1.57827332E+03  5.80748459E-01  4.92839723E+01  3.47611096E-02 -1.58711498E+02  1.08829586E-02 -1.09427526E+02  2.45149420E-02  2.79710320E+01  2.09940907E-02  7.82433681E+02  1.13384926E+00  1.11234288E-02  8.34886177E-06  7.37184096E-01  4.68951346E-04
 -5.40000000E+01  1.37541675E+03  4.10420315E+00 -4.43320456E+03  7.62089042E+00 -4.01330077E+03  6.06732800E+00 -4.05774335E+02  1.49917349E+00 -3.05778780E+03  3.52247035E+00 -1.54927495E+03  1.12939917E+00  4.92284468E+01  7.35513408E-02 -1.58692595E+02  2.18907806E-02 -1.09464148E+02  5.20331486E-02  2.79354232E+01  4.44607793E-02  7.80509375E+02  2.40149332E+00  1.11092680E-02  1.76810183E-05  7.38300021E-01  4.80175193E-04
 -5.50000000E+01  9.91691077E+02  1.03173406E-01 -3.80366775E+03  4.98582162E-02 -3.46483476E+03  4.05924136E-02 -3.31624702E+02  2.59880033E-02 -2.81197667E+03  1.01947861E-01 -1.49197667E+03  1.01947861E-01  4.13204615E+01  4.29889190E-03 -1.58486156E+02  2.07742561E-03 -1.17165695E+02  4.24782749E-03  2.40000000E+01  0.00000000E+00  5.76000000E+02  0.00000000E+00  9.54424170E-03  3.34837016E-17  7.43891103E-01  9.78135255E-05
 -5.60000000E+01  1.09354623E+03  8.49677718E+00 -3.98777971E+03  1.34474079E+01 -3.62342350E+03  1.17794060E+01 -3.55455332E+02  1.50946265E+00 -2.89423349E+03  4.95521086E+00 -1.48704753E+03  2.56071172E-01  4.34888748E+01  1.72738615E-01 -1.58696551E+02  3.32224204E-03 -1.15207676E+02  1.73279587E-01  2.51283206E+01  8.48245698E-02  6.31798817E+02  4.49429609E+00  9.99294855E-03  3.37327595E-05  6.93286781E-01  6.21141454E-03
 -5.70000000E+01  9.91538494E+02  1.04554315E-01 -3.80353113E+03  4.79173147E-02 -3.46470252E+03  4.18738817E-02 -3.31612178E+02  2.73955291E-02 -2.81199263E+03  1.06900033E-01 -1.44399263E+03  1.06900033E-01  4.13141039E+01  4.35642978E-03 -1.58480464E+02  1.99655480E-03 -1.17166360E+02  4.45416812E-03  2.40000000E+01  0.00000000E+00  5.76000000E+02  0.00000000E+00  9.54424170E-03  3.38530071E-17  6.72395105E-01  4.99801094E-03
 -5.80000000E+01  9.91415369E+02  1.08350458E-01 -3.80351702E+03  4.85039959E-02 -3.46468417E+03  4.06317713E-02 -3.31618320E+02  2.55168908E-02 -2.81210165E+03  1.03182749E-01 -1.42010165E+03  1.03182749E-01  4.13089737E+01  4.51460248E-03 -1.58479876E+02  2.02099988E-03 -1.17170902E+02  4.29928123E-03  2.40000000E+01  0.00000000E+00  5.76000000E+02  0.00000000E+00  9.54424170E-03  3.40893843E-17  6.63688775E-01  1.03492428E-04
 -5.90000000E+01  9.92459267E+02  1.21866475E-01 -3.80405699E+03  6.14360763E-02 -3.46518667E+03  5.27989906E-02 -3.31654582E+02  2.87326549E-02 -2.81159772E+03  9.77126321E-02 -1.39559772E+03  9.77126321E-02  4.13524695E+01  5.07776982E-03 -1.58502375E+02  2.55983677E-03 -1.17149905E+02  4.07135946E-03  2.40000000E+01  0.00000000E+00  5.76000000E+02  0.00000000E+00  9.54424170E-03  1.64345727E-17  8.30229269E-01  1.45430730E-02
 -6.00000000E+01  9.91582144E+02  9.65057173E-02 -3.80355092E+03  5.34763437E-02 -3.46474068E+03  4.07440002E-02 -3.31592998E+02  2.62857619E-02 -2.81196877E+03  9.19460029E-02 -1.37196877E+03  9.19460029E-02  4.13159227E+01  4.02107151E-03 -1.58481288E+02  2.22818124E-03 -1.17165366E+02  3.83108353E-03  2.40000000E+01  0.00000000E+00  5.76000000E+02  0.00000000E+00  9.54424170E-03  3.54197138E-17  6.92586139E-01  4.92143165E-03
 -6.10000000E+01  1.07772759E+03  7.95402507E+00 -3.95784358E+03  1.40500468E+01 -3.59811524E+03  1.20745329E+01 -3.51089770E+02  1.87012616E+00 -2.88011599E+03  6.19786042E+00 -1.35867372E+03  1.17694512E+00  4.31723588E+01  1.63789555E-01 -1.58683234E+02  8.74146311E-03 -1.15510875E+02  1.61566550E-01  2.49416766E+01  8.81125971E-02  6.22588737E+02  4.40916765E+00  9.91872459E-03  3.50403306E-05  8.15554532E-01  7.72147394E-03
 -6.20000000E+01  9.97210931E+02  4.01573957E+00 -3.81264704E+03  6.59746482E+00 -3.47265381E+03  5.75120409E+00 -3.32669715E+02  7.74084039E-01 -2.81543611E+03  2.58486599E+00 -1.32395047E+03  1.06431671E-01  4.14350560E+01  8.27340766E-02 -1.58488500E+02  3.13017481E-03 -1.17053444E+02  8.05137544E-02  2.40562199E+01  4.12316588E-02  5.78921684E+02  2.14300844E+00  9.56659905E-03  1.63968721E-05  6.85601649E-01  1.14150341E-04
 -6.30000000E+01  1.07551024E+03  3.33158208E+00 -3.95665839E+03  6.49334975E+00 -3.59657053E+03  5.47663695E+00 -3.51522687E+02  9.71152685E-01 -2.88114815E+03  3.18389962E+00 -1.31038266E+03  6.89796028E-01  4.31230962E+01  6.97785629E-02 -1.58692427E+02  5.30923774E-03 -1.15569331E+02  6.59544734E-02  2.49327856E+01  4.03469964E-02  6.21830014E+02  1.92761208E+00  9.91518883E-03  1.60450618E-05  7.16654436E-01  1.44717841E-03
 -6.40000000E+01  1.07113405E+03  4.83786579E+00 -3.94885908E+03  9.35310425E+00 -3.58993139E+03  7.90313346E+00 -3.50415960E+02  1.37446296E+00 -2.87772503E+03  4.52242451E+00 -1.28515355E+03  8.13347931E-01  4.30302613E+01  1.01107200E-01 -1.58690296E+02  5.72322401E-03 -1.15660035E+02  9.59273673E-02  2.48839293E+01  5.81933271E-02  6.19424824E+02  2.79332310E+00  9.89575983E-03  2.31421323E-05  7.36384392E-01  3.98796432E-04
 -6.50000000E+01  9.91969575E+02  1.10082044E-01 -3.80377191E+03  4.88722186E-02 -3.46496646E+03  3.85806558E-02 -3.31593618E+02  2.79651223E-02 -2.81180234E+03  1.08230315E-01 -1.25180234E+03  1.08230315E-01  4.13320656E+01  4.58675182E-03 -1.58490496E+02  2.03634222E-03 -1.17158431E+02  4.50959619E-03  2.40000000E+01  0.00000000E+00  5.76000000E+02  0.00000000E+00  9.54424170E-03  1.73175311E-17  7.41113624E-01  5.91641926E-04
 -6.60000000E+01  9.40821197E+02  9.21949582E+00 -3.69594230E+03  1.78036130E+01 -3.37617436E+03  1.50395812E+01 -3.13329876E+02  2.61865886E+00 -2.75512111E+03  8.58573953E+00 -1.21675019E+03  1.27452230E+00  4.03249327E+01  1.92443733E-01 -1.58563398E+02  9.61745885E-03 -1.18238466E+02  1.83240128E-01  2.33086503E+01  1.10844282E-01  5.43812511E+02  5.31992263E+00  9.26930802E-03  4.40801921E-05  7.83463923E-01  1.05079181E-02
 -6.70000000E+01  9.91902012E+02  1.00736308E-01 -3.80376608E+03  4.83332819E-02 -3.46492914E+03  3.84374190E-02 -3.31627127E+02  2.53584595E-02 -2.81186406E+03  9.96084659E-02 -1.20386406E+03  9.96084659E-02  4.13292505E+01  4.19734619E-03 -1.58490253E+02  2.01388658E-03 -1.17161003E+02  4.15035283E-03  2.40000000E+01  0.00000000E+00  5.76000000E+02  0.00000000E+00  9.54424170E-03  1.65615660E-17  7.25120236E-01  2.48498146E-03
 -6.80000000E+01  9.91913734E+02  9.95777930E-02 -3.80373591E+03  4.67584795E-02 -3.46490539E+03  3.87395826E-02 -3.31610462E+02  2.61218311E-02 -2.81182217E+03  9.41023315E-02 -1.17982217E+03  9.41023315E-02  4.13297389E+01  4.14907471E-03 -1.58488996E+02  1.94826982E-03 -1.17159257E+02  3.92093040E-03  2.40000000E+01  0.00000000E+00  5.76000000E+02  0.00000000E+00  9.54424170E-03  1.47600644E-17  7.12974353E-01  9.36224745E-05
 -6.90000000E+01  9.92090676E+02  1.09132153E-01 -3.80381780E+03  4.71144800E-02 -3.46497279E+03  3.62403711E-02 -3.31634101E+02  2.45100415E-02 -2.81172712E+03  9.31432993E-02 -1.15572712E+03  9.31432993E-02  4.13371115E+01  4.54717293E-03 -1.58492408E+02  1.96310362E-03 -1.17155297E+02  3.88097053E-03  2.40000000E+01  0.00000000E+00  5.76000000E+02  0.00000000E+00  9.54424170E-03  2.03929367E-17  7.57274684E-01  4.96336058E-03
 -7.00000000E+01  9.18694561E+02  2.34383279E+00 -3.65300521E+03  4.59496321E+00 -3.33990524E+03  3.89341266E+00 -3.07008277E+02  6.65513377E-01 -2.73431065E+03  2.26739223E+00 -1.12143978E+03  2.73729522E-01  3.98662719E+01  4.85783838E-02 -1.58543326E+02  3.46452553E-03 -1.18677054E+02  4.61805684E-02  2.30410124E+01  2.86321510E-02  5.30968006E+02  1.37421978E+00  9.16287467E-03  1.13863403E-05  7.93853748E-01  9.70452528E-03
 -7.10000000E+01  9.92267781E+02  3.49544958E-01 -3.80439591E+03  5.27721649E-01 -3.46545089E+03  4.73877474E-01 -3.31713658E+02  5.99474324E-02 -2.81212813E+03  2.13761605E-01 -1.10789731E+03  1.00313030E-01  4.13378471E+01  8.03586786E-03 -1.58495014E+02  1.89989606E-03 -1.17157167E+02  8.26780948E-03  2.40032510E+01  3.34354240E-03  5.76168416E+02  1.73139902E-01  9.54553454E-03  1.32964907E-06  7.42362976E-01  2.26162212E-03
 -7.20000000E+01  9.23325844E+02  5.12310565E+00 -3.66273926E+03  9.84345270E+00 -3.34809428E+03  8.32374218E+00 -3.08463334E+02  1.43827205E+00 -2.73941341E+03  4.72266200E+00 -1.07600246E+03  3.34422148E-01  3.99510865E+01  1.07743151E-01 -1.58539291E+02  6.03222390E-03 -1.18588204E+02  1.02001767E-01  2.31029299E+01  6.11853615E-02  5.33939615E+02  2.93629232E+00  9.18749779E-03  2.43319948E-05  7.21698675E-01  1.80515657E-04
 -7.30000000E+01  9.14788833E+02  1.07399455E-01 -3.64613675E+03  5.29514998E-02 -3.33411900E+03  4.51779256E-02 -3.05979655E+02  2.49844728E-02 -2.73134792E+03  1.20480544E-01 -1.05234792E+03  1.20480544E-01  3.97734275E+01  4.66954151E-03 -1.58527685E+02  2.30223913E-03 -1.18754257E+02  5.23828435E-03  2.30000000E+01  0.00000000E+00  5.29000000E+02  0.00000000E+00  9.14656497E-03  1.96682169E-17  7.28262765E-01  3.97089133E-04
 -7.40000000E+01  9.14955262E+02  1.04850800E-01 -3.64628121E+03  4.38781163E-02 -3.33420528E+03  4.00531195E-02 -3.06028429E+02  2.32460049E-02 -2.73132594E+03  9.16601851E-02 -1.02932594E+03  9.16601851E-02  3.97806635E+01  4.55873046E-03 -1.58533965E+02  1.90774439E-03 -1.18753302E+02  3.98522563E-03  2.30000000E+01  0.00000000E+00  5.29000000E+02  0.00000000E+00  9.14656497E-03  2.32451493E-17  7.28904597E-01  1.30974382E-04
 -7.50000000E+01  9.16192363E+02  1.20654665E+00 -3.64857269E+03  2.33637200E+00 -3.33615201E+03  1.98103214E+00 -3.06360589E+02  3.37837545E-01 -2.73238033E+03  1.13450081E+00 -1.00629366E+03  9.43486607E-02  3.98071865E+01  2.50546711E-02 -1.58533611E+02  2.19379289E-03 -1.18726424E+02  2.44847925E-02  2.30144890E+01  1.46366094E-02  5.29695642E+02  7.02522712E-01  9.15232690E-03  5.82063904E-06  7.31802051E-01  1.34479255E-04
 -7.60000000E+01  9.14987327E+02  1.11816771E-01 -3.64620284E+03  5.19613205E-02 -3.33418008E+03  5.09227556E-02 -3.05975838E+02  2.43664148E-02 -2.73121551E+03  9.85771860E-02 -9.83215942E+02  9.84716109E-02  3.97820677E+01  4.86285824E-03 -1.58530597E+02  2.25135950E-03 -1.18748529E+02  4.27895872E-03  2.29999943E+01  5.27085289E-06  5.28999745E+02  2.37188380E-04  9.14656272E-03  2.09609570E-09  7.34872568E-01  1.44805123E-04
 -7.70000000E+01  9.91957111E+02  1.16313320E-01 -3.80378820E+03  5.75125698E-02 -3.46496516E+03  4.91821493E-02 -3.31617174E+02  2.69819427E-02 -2.81183109E+03  1.07536359E-01 -9.63850533E+02  1.06436503E-01  4.13319651E+01  4.81838728E-03 -1.58492833E+02  2.03143920E-03 -1.17160868E+02  4.43519223E-03  2.39997475E+01  1.62701165E-04  5.75988134E+02  7.64695476E-03  9.54414130E-03  6.47024671E-08  7.42820655E-01  1.39344479E-04
 -7.80000000E+01  9.15084626E+02  9.20931265E-02 -3.64622385E+03  4.70694719E-02 -3.33417451E+03  4.45338093E-02 -3.06000453E+02  2.28475603E-02 -2.73113922E+03  8.46624334E-02 -9.37141366E+02  8.47263385E-02  3.97863323E+01  4.00146712E-03 -1.58531660E+02  2.04059104E-03 -1.18745328E+02  3.68571919E-03  2.29999725E+01  1.82502875E-05  5.28998761E+02  8.21262939E-04  9.14655402E-03  7.25771497E-09  7.40433538E-01  1.62935766E-04
 -7.90000000E+01  9.14768917E+02  1.09595832E-01 -3.64602928E+03  6.00411446E-02 -3.33411451E+03  4.42098678E-02 -3.05868106E+02  3.95947629E-02 -2.73126037E+03  9.31409128E-02 -9.14274845E+02  9.36346670E-02  3.97728683E+01  4.74444956E-03 -1.58524270E+02  2.55574872E-03 -1.18751402E+02  4.09019570E-03  2.29998167E+01  8.73803313E-05  5.28991753E+02  3.93211491E-03  9.14649209E-03  3.47491256E-08  7.16938640E-01  3.47740019E-03
 -8.00000000E+01  9.15769806E+02  1.29022079E-01 -3.64660116E+03  8.47279492E-02 -3.33450524E+03  6.85978698E-02 -3.06055807E+02  2.77067331E-02 -2.73083135E+03  9.52257057E-02 -8.90870065E+02  9.16680502E-02  3.98168879E+01  5.48913474E-03 -1.58551194E+02  2.81820600E-03 -1.18734306E+02  3.97702535E-03  2.29995161E+01  2.49348908E-04  5.28978225E+02  1.12207009E-02  9.14637253E-03  9.91602611E-08  8.52316068E-01  1.44797184E-02
 -8.10000000E+01  9.14748685E+02  1.45484763E-01 -3.64596859E+03  8.33861559E-02 -3.33401871E+03  6.83913801E-02 -3.05897691E+02  3.55378725E-02 -2.73121991E+03  1.26401089E-01 -8.68268519E+02  1.29917815E-01  3.97726926E+01  6.15143140E-03 -1.58524489E+02  2.86989094E-03 -1.18751797E+02  5.79706087E-03  2.29993999E+01  3.18429058E-04  5.28972994E+02  1.43293076E-02  9.14632631E-03  1.26631830E-07  6.89320143E-01  2.60381224E-04
 -8.20000000E+01  9.15262470E+02  1.60953914E-01 -3.64627844E+03  1.05758910E-01 -3.33426786E+03  8.55930875E-02 -3.05957583E+02  5.34671788E-02 -2.73101597E+03  1.31079902E-01 -8.45114713E+02  1.23527003E-01  3.97960160E+01  6.86912778E-03 -1.58542108E+02  2.95680111E-03 -1.18746092E+02  5.38719691E-03  2.29987958E+01  4.64728113E-04  5.28945812E+02  2.09127651E-02  9.14608609E-03  1.84811561E-07  8.26374706E-01  2.45345435E-04
 -8.30000000E+01  9.14467133E+02  1.51946570E-01 -3.64538076E+03  2.22171813E-01 -3.33355184E+03  1.76133824E-01 -3.05799105E+02  5.84076482E-02 -2.73091363E+03  1.76448582E-01 -8.22194422E+02  1.20956923E-01  3.97650997E+01  5.80461386E-03 -1.58518026E+02  3.05471776E-03 -1.18752926E+02  5.07860087E-03  2.29966169E+01  1.21480204E-03  5.28847791E+02  5.46428951E-02  9.14521960E-03  4.83098514E-07  7.00428397E-01  3.52384256E-04
 -8.40000000E+01  9.14816936E+02  1.71865250E-01 -3.64549175E+03  2.48420637E-01 -3.33368088E+03  1.89693721E-01 -3.05770255E+02  6.85884815E-02 -2.73067482E+03  1.75982913E-01 -7.99064249E+02  1.19268236E-01  3.97823919E+01  6.37009930E-03 -1.58531443E+02  3.54086337E-03 -1.18749051E+02  5.05953025E-03  2.29953639E+01  1.21938991E-03  5.28791381E+02  5.48692063E-02  9.14472129E-03  4.84923007E-07  7.91809986E-01  4.07278538E-04
 -8.50000000E+01  9.13844126E+02  3.51345558E-01 -3.64338386E+03  7.81950172E-01 -3.33196143E+03  6.21517313E-01 -3.05379670E+02  1.60885128E-01 -2.72953974E+03  4.77572181E-01 -7.75936632E+02  1.48137073E-01  3.97596429E+01  9.04256827E-03 -1.58520725E+02  4.29760371E-03 -1.18761082E+02  6.30427028E-03  2.29835660E+01  4.43903073E-03  5.28264966E+02  1.97319831E-01  9.14002954E-03  1.76529927E-06  7.51259869E-01  6.07664358E-04
 -8.60000000E+01  9.13874709E+02  3.65105694E-01 -3.64337898E+03  8.31867554E-01 -3.33201650E+03  6.53288550E-01 -3.05324215E+02  1.77382949E-01 -2.72950427E+03  5.21724038E-01 -7.53046001E+02  1.77091935E-01  3.97637137E+01  9.57291845E-03 -1.58530787E+02  5.32562602E-03 -1.18767073E+02  6.69768591E-03  2.29820729E+01  4.64015909E-03  5.28193282E+02  2.08807159E-01  9.13943579E-03  1.84528334E-06  8.27863280E-01  7.23897712E-04
 -8.70000000E+01  9.11687931E+02  5.85993296E-01 -3.63832632E+03  1.49684941E+00 -3.32808875E+03  1.19108892E+00 -3.04195863E+02  3.03223664E-01 -2.72663839E+03  9.40629072E-01 -7.29506470E+02  2.13522352E-01  3.97128346E+01  1.20260185E-02 -1.58493299E+02  5.95026847E-03 -1.18780465E+02  8.89412891E-03  2.29555393E+01  8.83913139E-03  5.27004254E+02  3.96506685E-01  9.12888400E-03  3.51511696E-06  6.91074359E-01  9.69553125E-04
 -8.80000000E+01  9.10035013E+02  1.13755955E+00 -3.63241187E+03  2.84320946E+00 -3.32312700E+03  2.28714656E+00 -3.03281799E+02  5.49284096E-01 -2.72237686E+03  1.72505651E+00 -7.05513662E+02  3.08977029E-01  3.97010342E+01  2.30992751E-02 -1.58487203E+02  1.08532310E-02 -1.18786169E+02  1.34620432E-02  2.29189000E+01  1.65182235E-02  5.25376243E+02  7.34041800E-01  9.11431338E-03  6.56891325E-06  8.24263052E-01  1.27796382E-03
 -8.90000000E+01  9.04163280E+02  1.81937011E+00 -3.61753625E+03  4.65731810E+00 -3.31116933E+03  3.75707834E+00 -3.00430006E+02  8.85892500E-01 -2.71337297E+03  2.84752560E+00 -6.81407985E+02  4.24740781E-01  3.95899290E+01  3.45587392E-02 -1.58442639E+02  1.50507182E-02 -1.18852710E+02  2.03209341E-02  2.28310672E+01  2.74310380E-02  5.21480242E+02  1.21900468E+00  9.07938434E-03  1.09086858E-05  8.11827070E-01  1.65504622E-03
 -9.00000000E+01  8.94417883E+02  2.81522579E+00 -3.59268664E+03  7.05260018E+00 -3.29121142E+03  5.70962081E+00 -2.95640592E+02  1.31706317E+00 -2.69826875E+03  4.24465994E+00 -6.56584388E+02  5.29171125E-01  3.94055877E+01  5.48783994E-02 -1.58361229E+02  2.26176252E-02 -1.18955641E+02  3.27029052E-02  2.26853818E+01  4.14798111E-02  5.14998124E+02  1.83937479E+00  9.02144864E-03  1.64955560E-05  8.12250817E-01  2.10328217E-03
 -9.10000000E+01  8.60543317E+02  5.11769042E+00 -3.50825967E+03  1.27053844E+01 -3.22229767E+03  1.04017380E+01 -2.80469788E+02  2.25346264E+00 -2.64771635E+03  7.59185848E+00 -6.28721757E+02  7.67255544E-01  3.87400436E+01  1.02262791E-01 -1.58106292E+02  3.83235620E-02 -1.19366248E+02  6.44337615E-02  2.21867538E+01  7.51509917E-02  4.93024805E+02  3.29401364E+00  8.82315588E-03  2.98858014E-05  7.17358677E-01  2.45019350E-03
 -9.20000000E+01  8.38655541E+02  4.10341515E+00 -3.45292064E+03  1.02193684E+01 -3.17703224E+03  8.39099755E+00 -2.70656909E+02  1.78390562E+00 -2.61426510E+03  6.12819670E+00 -6.03196760E+02  5.78270532E-01  3.83174480E+01  8.21783203E-02 -1.57942024E+02  3.08254591E-02 -1.19624576E+02  5.19054268E-02  2.18594385E+01  6.05569162E-02  4.78622117E+02  2.64736284E+00  8.69299018E-03  2.40820770E-05  7.56699862E-01  1.85260597E-03
 -9.30000000E+01  8.00632876E+02  4.94207385E+00 -3.35821198E+03  1.20879219E+01 -3.09847087E+03  1.00776807E+01 -2.54944292E+02  1.96441825E+00 -2.55757911E+03  7.16548926E+00 -5.77028950E+02  5.36261998E-01  3.75414657E+01  1.06653435E-01 -1.57671399E+02  3.99418196E-02 -1.20129933E+02  6.84208545E-02  2.12962382E+01  7.16530066E-02  4.54333473E+02  3.06884933E+00  8.46901854E-03  2.84947341E-05  7.87370356E-01  1.80865651E-03
 -9.40000000E+01  7.54603010E+02  5.18508938E+00 -3.24599270E+03  1.28242194E+01 -3.00442509E+03  1.08637800E+01 -2.37316004E+02  1.90152222E+00 -2.49138969E+03  7.67258067E+00 -5.52038402E+02  4.65270542E-01  3.65406304E+01  1.15210885E-01 -1.57320989E+02  4.09058362E-02 -1.20780358E+02  7.85315443E-02  2.06313967E+01  7.70512396E-02  4.26128275E+02  3.20762211E+00  8.20462654E-03  3.06414858E-05  8.24472898E-01  1.68690578E-03
 -9.50000000E+01  7.45540268E+02  3.66297199E+00 -3.21963524E+03  9.14075151E+00 -2.98252515E+03  7.73603154E+00 -2.33042243E+02  1.36185718E+00 -2.47409497E+03  5.49918992E+00 -5.30427867E+02  2.65399354E-01  3.64126200E+01  8.01438117E-02 -1.57357736E+02  2.62355253E-02 -1.20945116E+02  5.80829709E-02  2.04596537E+01  5.54458568E-02  4.18990180E+02  2.29608420E+00  8.13632835E-03  2.20495276E-05  6.48261308E-01  2.15790343E-03
 -9.60000000E+01  7.29407000E+02  2.99408825E+00 -3.18190774E+03  7.28610348E+00 -2.95019272E+03  6.20570580E+00 -2.27797013E+02  1.06248172E+00 -2.45250074E+03  4.35619147E+00 -5.09014902E+02  1.98294357E-01  3.60137953E+01  7.21530095E-02 -1.57168193E+02  3.34078831E-02 -1.21154398E+02  4.86105887E-02  2.02446442E+01  4.41875581E-02  4.10056733E+02  1.81671522E+00  8.05082405E-03  1.75723640E-05  8.83409909E-01  1.59776462E-03
 -9.70000000E+01  7.20838528E+02  2.45432610E+00 -3.16293391E+03  5.81501456E+00 -2.93386288E+03  4.97520899E+00 -2.25253486E+02  8.45572842E-01 -2.44209538E+03  3.51411863E+00 -4.89247737E+02  2.13662288E-01  3.57957395E+01  6.75931069E-02 -1.57103434E+02  4.10447720E-02 -1.21307694E+02  3.84410517E-02  2.01324500E+01  3.53344219E-02  4.05436931E+02  1.45066590E+00  8.00620702E-03  1.40516777E-05  8.36719007E-01  2.36228995E-03
 -9.80000000E+01  7.20589874E+02  1.32453740E+00 -3.15617821E+03  3.45995270E+00 -2.92887015E+03  2.92002243E+00 -2.23570484E+02  5.46209007E-01 -2.43558834E+03  2.27618656E+00 -4.68412750E+02  1.93079268E-01  3.58932847E+01  3.68643001E-02 -1.57232077E+02  2.74670731E-02 -1.21338793E+02  2.17160494E-02  2.00732203E+01  2.21808489E-02  4.03004968E+02  9.09749733E-01  7.98265276E-03  8.82080770E-06  7.35328672E-01  2.36162209E-03
 -9.90000000E+01  7.15243971E+02  9.88177739E-01 -3.14552136E+03  1.88233039E+00 -2.91950803E+03  1.65472248E+00 -2.22298945E+02  2.73015547E-01 -2.43027739E+03  1.15917321E+00 -4.48446238E+02  1.85221386E-01  3.57275308E+01  3.93799410E-02 -1.57130197E+02  3.05194184E-02 -1.21402667E+02  1.39130120E-02  2.00184965E+01  1.12515303E-02  4.00761876E+02  4.61445220E-01  7.96089036E-03  4.47447190E-06  8.54701365E-01  1.72166911E-03
 -1.00000000E+02  7.12430539E+02  1.00458750E+00 -3.14274396E+03  1.25716524E+00 -2.91645672E+03  1.20126067E+00 -2.22570726E+02  2.11911393E-01 -2.43031342E+03  6.98197097E-01 -4.28764339E+02  2.15924319E-01  3.55916397E+01  4.74622137E-02 -1.57014719E+02  3.81359791E-02 -1.21423079E+02  1.35014696E-02  2.00154908E+01  6.89829122E-03  4.00649052E+02  2.83887451E-01  7.95969507E-03  2.74328997E-06  8.07224102E-01  2.15637598E-03
 -1.01000000E+02  7.15854710E+02  7.55302572E-01 -3.14364791E+03  1.19209119E+00 -2.91817857E+03  1.08635468E+00 -2.21777725E+02  1.35152791E-01 -2.42779320E+03  5.52780046E-01 -4.07864209E+02  1.37948478E-01  3.57922767E+01  3.05978869E-02 -1.57187148E+02  2.39938183E-02 -1.21394872E+02  1.08977464E-02  1.99992969E+01  5.92122694E-03  3.99992820E+02  2.39535220E-01  7.95325515E-03  2.35473421E-06  7.26948057E-01  1.95465340E-03
 -1.02000000E+02  7.09870570E+02  1.33184822E+00 -3.13502742E+03  2.21386147E+00 -2.91003795E+03  2.04447393E+00 -2.21278882E+02  2.57014796E-01 -2.42515685E+03  1.10125563E+00 -3.88502139E+02  1.84053925E-01  3.55481883E+01  5.43133162E-02 -1.57006996E+02  4.37736058E-02 -1.21458807E+02  1.36093970E-02  1.99672030E+01  1.05406054E-02  3.98732518E+02  4.11638837E-01  7.94049215E-03  4.19175347E-06  8.67002807E-01  2.24540146E-03
 -1.03000000E+02  7.08529680E+02  1.73187799E+00 -3.12781217E+03  3.43036631E+00 -2.90431831E+03  3.05071125E+00 -2.19842507E+02  4.00555033E-01 -2.41928249E+03  1.78929381E+00 -3.67894091E+02  1.59595731E-01  3.55680560E+01  5.99501669E-02 -1.57043278E+02  4.12997083E-02 -1.21475222E+02  2.01636607E-02  1.99163923E+01  1.76141721E-02  3.96739954E+02  6.86941234E-01  7.92028590E-03  7.00474636E-06  8.82159491E-01  2.33174536E-03
 -1.04000000E+02  6.98981296E+02  2.14717305E+00 -3.10567416E+03  5.11864509E+00 -2.88499839E+03  4.43214440E+00 -2.17086116E+02  6.91358146E-01 -2.40669287E+03  3.04470446E+00 -3.47822881E+02  1.73891263E-01  3.52934159E+01  6.25310377E-02 -1.56869745E+02  4.00972512E-02 -1.21576329E+02  2.46056399E-02  1.97968268E+01  2.86712986E-02  3.92082310E+02  1.11730683E+00  7.87273750E-03  1.14019083E-05  8.99002517E-01  2.00345598E-03
 -1.05000000E+02  6.91058010E+02  2.91529588E+00 -3.08443298E+03  6.92753648E+00 -2.86689544E+03  6.00769741E+00 -2.14019975E+02  9.05625264E-01 -2.39337497E+03  4.04470594E+00 -3.27818639E+02  1.33531732E-01  3.51085065E+01  8.21524289E-02 -1.56782220E+02  4.90573182E-02 -1.21673713E+02  3.44681181E-02  1.96719650E+01  3.85941131E-02  3.87222855E+02  1.50352103E+00  7.82308287E-03  1.53479807E-05  8.98395921E-01  2.50774635E-03
 -1.06000000E+02  6.90170849E+02  2.94886632E+00 -3.07916721E+03  7.13668296E+00 -2.86275029E+03  6.17462777E+00 -2.12917941E+02  9.41050169E-01 -2.38899636E+03  4.20141682E+00 -3.07835866E+02  1.39998586E-01  3.51286609E+01  8.07068018E-02 -1.56818387E+02  4.70654467E-02 -1.21689726E+02  3.44366176E-02  1.96335895E+01  3.98534528E-02  3.85741566E+02  1.55011952E+00  7.80782183E-03  1.58487908E-05  8.63230531E-01  2.89559454E-03
 -1.07000000E+02  6.69359709E+02  3.24897615E+00 -3.02419107E+03  8.07821158E+00 -2.81554550E+03  6.97496375E+00 -2.05316647E+02  1.07921867E+00 -2.35483136E+03  4.84461574E+00 -2.87789512E+02  1.52686699E-01  3.46163833E+01  8.67772680E-02 -1.56529214E+02  4.95704173E-02 -1.21912831E+02  3.78133765E-02  1.93181481E+01  4.55870280E-02  3.73595069E+02  1.75718004E+00  7.68237813E-03  1.81289003E-05  8.54743212E-01  2.91847080E-03
 -1.08000000E+02  6.39161152E+02  4.45253948E+00 -2.93882790E+03  1.26302853E+01 -2.74239576E+03  1.08228549E+01 -1.93389358E+02  1.76886982E+00 -2.29966675E+03  8.21847871E+00 -2.67821614E+02  2.32320016E-01  3.39251142E+01  1.03309566E-01 -1.56190016E+02  5.13261870E-02 -1.22264901E+02  5.34744183E-02  1.88133808E+01  7.51162735E-02  3.54758561E+02  2.78853521E+00  7.48164392E-03  2.98719945E-05  9.16486277E-01  1.76863356E-03
 -1.09000000E+02  5.97933485E+02  3.85760826E+00 -2.80349837E+03  1.18399710E+01 -2.62729903E+03  1.01215560E+01 -1.73635446E+02  1.67791061E+00 -2.20556489E+03  7.99867768E+00 -2.47437117E+02  1.60798050E-01  3.31830306E+01  7.97776718E-02 -1.56027460E+02  3.08255925E-02 -1.22844429E+02  5.10934341E-02  1.79644749E+01  7.25531433E-02  3.24512112E+02  2.61551682E+00  7.14405379E-03  2.88526973E-05  6.02317091E-01  2.79927140E-03
 -1.10000000E+02  5.29995952E+02  2.56553815E+00 -2.58459526E+03  8.48399503E+00 -2.43974173E+03  7.26460496E+00 -1.43076282E+02  1.18906752E+00 -2.05459930E+03  5.92162773E+00 -2.28935669E+02  8.89185994E-02  3.18838499E+01  4.71367155E-02 -1.55720380E+02  8.79848430E-03 -1.23836531E+02  4.07233394E-02  1.65969421E+01  5.36977867E-02  2.76378733E+02  1.86610511E+00  6.60021780E-03  2.13543608E-05  8.17872420E-01  1.03223324E-03
 -1.11000000E+02  5.09378621E+02  1.13136182E+00 -2.51529007E+03  3.61394196E+00 -2.38018563E+03  3.10323129E+00 -1.33578065E+02  4.97311220E-01 -2.00591145E+03  2.48686900E+00 -2.12607974E+02  9.21618252E-02  3.15162728E+01  2.23968709E-02 -1.55687680E+02  5.57593119E-03 -1.24171407E+02  1.92727513E-02  1.61558871E+01  2.27782359E-02  2.61242608E+02  7.92729308E-01  6.42482049E-03  9.05837457E-06  8.68473909E-01  6.15057962E-04
 -1.12000000E+02  5.04465625E+02  2.46627669E-01 -2.49942786E+03  8.09410130E-01 -2.36652712E+03  6.96024029E-01 -1.31446401E+02  1.08929170E-01 -1.99496224E+03  5.91642984E-01 -1.96922646E+02  7.95539670E-02  3.14199473E+01  6.46164940E-03 -1.55689674E+02  2.83778261E-03 -1.24269726E+02  6.44901743E-03  1.60539249E+01  5.24019694E-03  2.57791407E+02  1.75986712E-01  6.38427249E-03  2.08390444E-06  7.83219761E-01  4.54951072E-04
 -1.13000000E+02  5.02669506E+02  1.18474553E-01 -2.49357109E+03  2.79518477E-01 -2.36148451E+03  2.43011787E-01 -1.30663342E+02  3.63801814E-02 -1.99090158E+03  2.05710466E-01 -1.81148885E+02  7.46736677E-02  3.13856176E+01  5.36608566E-03 -1.55697340E+02  2.81300104E-03 -1.24311723E+02  5.04770165E-03  1.60155106E+01  1.82270265E-03  2.56512098E+02  6.01917730E-02  6.36899600E-03  7.24846449E-07  7.61091910E-01  3.59017928E-04
 -1.14000000E+02  5.02701848E+02  2.25089771E-01 -2.49138595E+03  7.15546160E-01 -2.35940280E+03  6.21931739E-01 -1.30539684E+02  9.01713108E-02 -1.98868411E+03  5.23468913E-01 -1.63940431E+02  9.38116392E-02  3.14057317E+01  7.37442756E-03 -1.55648198E+02  3.38617529E-03 -1.24242466E+02  6.43323043E-03  1.60065235E+01  4.51974028E-03  2.56215305E+02  1.49159394E-01  6.36542203E-03  1.79739558E-06  9.68772438E-01  1.20207067E-04
 -1.15000000E+02  5.02321513E+02  9.26963507E-02 -2.49118610E+03  1.40577555E-01 -2.35931925E+03  1.21353591E-01 -1.30435379E+02  2.07823548E-02 -1.98886459E+03  1.40001847E-01 -1.48555485E+02  8.45414325E-02  3.13896909E+01  5.38493293E-03 -1.55673000E+02  3.11876795E-03 -1.24283309E+02  5.28593310E-03  1.60026879E+01  9.39227758E-04  2.56088727E+02  3.09931296E-02  6.36389671E-03  3.73509033E-07  9.13852339E-01  1.93858278E-04
 -1.16000000E+02  5.01914534E+02  9.55595619E-02 -2.49095796E+03  5.21979343E-02 -2.35915852E+03  5.07194068E-02 -1.30378922E+02  7.42622580E-03 -1.98904343E+03  8.25548576E-02 -1.33003718E+02  8.04115758E-02  3.13689572E+01  6.00965772E-03 -1.55681539E+02  3.15335029E-03 -1.24312582E+02  5.02590065E-03  1.60003423E+01  1.58655727E-04  2.56011382E+02  5.23355337E-03  6.36296393E-03  6.30936923E-08  8.32041452E-01  2.21623616E-04
 -1.17000000E+02  5.02434641E+02  1.09173604E-01 -2.49054804E+03  7.36202699E-02 -2.35868744E+03  6.88764005E-02 -1.30414785E+02  9.79326288E-03 -1.98811340E+03  9.23337214E-02 -1.16068207E+02  8.73308700E-02  3.14013667E+01  6.63311324E-03 -1.55655486E+02  3.54138559E-03 -1.24254119E+02  5.47446356E-03  1.60003863E+01  3.37118021E-04  2.56012967E+02  1.11103365E-02  6.36298142E-03  1.34063995E-07  9.61225029E-01  1.08956193E-04
 -1.18000000E+02  5.02200889E+02  1.00299879E-01 -2.49087406E+03  6.23510357E-02 -2.35908723E+03  6.10366417E-02 -1.30371018E+02  7.24015701E-03 -1.98867317E+03  8.73547162E-02 -1.00689640E+02  8.54667573E-02  3.13878039E+01  6.16943258E-03 -1.55680967E+02  3.43581083E-03 -1.24293163E+02  5.34170843E-03  1.59998604E+01  1.60560892E-04  2.55996021E+02  5.25790759E-03  6.36277228E-03  6.38513319E-08  8.56625772E-01  2.12747927E-04
 -1.19000000E+02  5.02736241E+02  1.09630292E-01 -2.49032920E+03  9.02265568E-02 -2.35850605E+03  8.74065079E-02 -1.30374932E+02  1.00813432E-02 -1.98759296E+03  1.03133404E-01 -8.37194372E+01  9.52792516E-02  3.14230462E+01  6.73254202E-03 -1.55655848E+02  4.20550331E-03 -1.24232801E+02  5.95513007E-03  1.59989371E+01  3.31308685E-04  2.55967051E+02  1.02705692E-02  6.36240512E-03  1.31753755E-07  9.70771242E-01  1.07176193E-04
 -1.20000000E+02  5.02176458E+02  1.05719486E-01 -2.49028317E+03  7.35669734E-02 -2.35847828E+03  7.08781440E-02 -1.30362235E+02  8.29680651E-03 -1.98810671E+03  9.96149123E-02 -6.83402312E+01  9.64604167E-02  3.13897520E+01  6.55853476E-03 -1.55661524E+02  3.59536900E-03 -1.24271772E+02  6.03028270E-03  1.59980540E+01  2.23238916E-04  2.55939691E+02  6.91563308E-03  6.36205391E-03  8.87769222E-08  9.24640026E-01  1.74153066E-04
 -1.21000000E+02  5.02378047E+02  1.14494632E-01 -2.48930168E+03  1.60406905E-01 -2.35757546E+03  1.48068249E-01 -1.30296040E+02  1.62658350E-02 -1.98692364E+03  1.45767705E-01 -5.16495566E+01  9.70078323E-02  3.14101230E+01  6.76473252E-03 -1.55639357E+02  4.29260632E-03 -1.24229234E+02  6.05672990E-03  1.59940007E+01  8.54383950E-04  2.55814375E+02  2.64046895E-02  6.36044200E-03  3.39768616E-07  9.69805565E-01  1.26887100E-04
 -1.22000000E+02  5.01948327E+02  1.24538218E-01 -2.48774846E+03  2.93850593E-01 -2.35614482E+03  2.66584905E-01 -1.30165448E+02  3.00515724E-02 -1.98580013E+03  2.40073479E-01 -3.55942004E+01  9.64233013E-02  3.14000900E+01  6.61253721E-03 -1.55626542E+02  4.43979538E-03 -1.24226452E+02  5.97720866E-03  1.59852945E+01  1.64637856E-03  2.55544312E+02  5.10231525E-02  6.35697978E-03  6.54726444E-07  9.86566490E-01  9.80645057E-05
 -1.23000000E+02  5.00822931E+02  1.45459642E-01 -2.48441249E+03  3.90931770E-01 -2.35323203E+03  3.53558702E-01 -1.29760730E+02  3.86693720E-02 -1.98358956E+03  2.95614852E-01 -2.01530996E+01  9.85346814E-02  3.13718422E+01  6.87090662E-03 -1.55633933E+02  4.32189321E-03 -1.24262090E+02  6.13215638E-03  1.59628980E+01  2.21956904E-03  2.54861299E+02  6.46387925E-02  6.34807320E-03  8.82670968E-07  8.63604222E-01  4.21472101E-04
 -1.24000000E+02  4.36194591E+02  1.79713143E+01 -2.19112117E+03  8.19349169E+01 -2.08110791E+03  7.62104559E+01 -1.08758564E+02  5.68171904E+00 -1.75492658E+03  6.39717722E+01 -2.35315800E+00  3.97737853E-01             NAN             NAN             NAN             NAN             NAN             NAN  1.41336566E+01  5.13473323E-01  2.15606540E+02  1.06726138E+01  5.62062645E-03  2.04196396E-04  9.12474696E-01  1.29507059E-02
 -1.25000000E+02  1.95664614E+01  4.11185358E-01 -1.26066085E+02  2.42592285E+00 -1.25419242E+02  2.39617722E+00 -6.07966341E-01  3.25402028E-02 -1.06499623E+02  2.01648508E+00  1.00973014E+00  4.90535373E-02             NAN             NAN             NAN             NAN             NAN             NAN  8.60074829E-01  1.64253264E-02  2.05712903E+00  7.66723082E-02  3.42031752E-04  6.53197023E-06  6.29671915E-01  7.84115905E-04
