#              u               K              ΔK               V              ΔV           V_ext          ΔV_ext           V_int          ΔV_int               E              ΔE            E_mu           ΔE_mu             K/N            ΔK/N             V/N            ΔV/N             E/N            ΔE/N               N              ΔN             N^2            ΔN^2         density        Δdensity        diagonal       Δdiagonal
 -3.00000000E+01  2.41800137E+03  1.03325826E+00 -6.98327951E+03  5.26368613E-01 -6.36120721E+03  4.69588273E-01 -5.91280786E+02  2.96569589E-01 -4.56527814E+03  9.85801715E-01 -3.21475271E+03  9.81342068E-01  5.37127572E+01  2.32193140E-02 -1.55124572E+02  1.26490649E-02 -1.01411815E+02  2.18052421E-02  4.50175145E+01  1.76821449E-03  2.02659418E+03  1.60945967E-01  1.19349455E-02  4.68785471E-07  6.76175893E-01  5.27780985E-04
 -3.10000000E+01  2.29805936E+03  8.74336634E-01 -6.84935173E+03  4.88018375E-01 -6.22867903E+03  4.03004444E-01 -5.93002085E+02  2.62139583E-01 -4.55129237E+03  8.29476466E-01 -3.18713228E+03  8.30058887E-01  5.22225778E+01  1.98629057E-02 -1.55649124E+02  1.13713444E-02 -1.03426546E+02  1.89311639E-02  4.40051642E+01  7.05855001E-04  1.93645962E+03  6.28210951E-02  1.16665534E-02  1.87134833E-07  6.52550443E-01  4.91726360E-04
 -3.20000000E+01  2.41847170E+03  1.02583309E+00 -6.98274600E+03  5.54760663E-01 -6.36059481E+03  4.66915753E-01 -5.91237505E+02  2.88334740E-01 -4.56427431E+03  9.55574174E-01 -3.12418816E+03  9.55941165E-01  5.37406483E+01  2.28106976E-02 -1.55162989E+02  1.25850503E-02 -1.01422341E+02  2.12811473E-02  4.50026920E+01  5.35855442E-04  2.02524497E+03  4.87628452E-02  1.19310158E-02  1.42065109E-07  6.73120217E-01  4.82188044E-04
 -3.30000000E+01  2.41789794E+03  9.92905622E-01 -6.98215055E+03  5.63012099E-01 -6.36006969E+03  5.10299857E-01 -5.91284138E+02  2.67207014E-01 -4.56425261E+03  8.95261457E-01 -3.07923890E+03  8.94310673E-01  5.37305801E+01  2.20864113E-02 -1.55157496E+02  1.24700272E-02 -1.01426916E+02  1.98342876E-02  4.50004155E+01  1.57251716E-04  2.02503781E+03  1.43099061E-02  1.19304123E-02  4.16903761E-08  6.96204755E-01  5.73212420E-04
 -3.40000000E+01  1.84771438E+03  7.00629814E-01 -6.30067868E+03  4.57924167E-01 -5.69445026E+03  3.37266749E-01 -5.89349746E+02  2.53249257E-01 -4.45296430E+03  6.78019909E-01 -3.09296316E+03  6.78176581E-01  4.61928193E+01  1.75136916E-02 -1.57516838E+02  1.14464145E-02 -1.11324018E+02  1.69626376E-02  4.00000335E+01  2.60097984E-05  1.60000271E+03  2.10679367E-03  1.06047219E-02  6.89563970E-09  7.32505867E-01  4.03207585E-04
 -3.50000000E+01  2.06257482E+03  7.57042660E-01 -6.60592311E+03  4.07697257E-01 -5.96769395E+03  3.42053335E-01 -6.16986706E+02  2.09236747E-01 -4.54334829E+03  7.34204871E-01 -3.07334655E+03  7.34190337E-01  4.91088711E+01  1.80237920E-02 -1.57283701E+02  9.70314675E-03 -1.08174830E+02  1.74801662E-02  4.20000497E+01  3.65693234E-05  1.76400422E+03  3.10839249E-03  1.11349619E-02  9.69511786E-09  7.42574938E-01  5.08018354E-04
 -3.60000000E+01  1.84953150E+03  7.23850809E-01 -6.30125196E+03  4.27034842E-01 -5.69535182E+03  4.30912598E-01 -5.89040829E+02  2.04931380E-01 -4.45172046E+03  6.79180760E-01 -3.01157999E+03  6.79180760E-01  4.62336443E+01  1.79412274E-02 -1.57516075E+02  1.00132065E-02 -1.11282431E+02  1.76428286E-02  4.00039021E+01  2.26890344E-03  1.60031607E+03  1.83781178E-01  1.06057475E-02  6.01526708E-07  6.96818752E-01  4.28389275E-04
 -3.70000000E+01  1.79524954E+03  6.07457047E+00 -6.19326330E+03  1.20916504E+01 -5.61258908E+03  9.22589537E+00 -5.64188295E+02  2.80302636E+00 -4.39801376E+03  6.09517261E+00 -2.93949208E+03  3.72276379E+00  4.55347349E+01  7.99341136E-02 -1.57107062E+02  4.89840140E-02 -1.11572327E+02  3.46970860E-02  3.94195048E+01  6.48299424E-02  1.55414088E+03  5.12156545E+00  1.04508134E-02  1.71875717E-05  6.90012248E-01  7.39175672E-04
 -3.80000000E+01  1.89633744E+03  1.49626590E+01 -6.35149218E+03  1.46588592E+01 -5.74794479E+03  1.65499661E+01 -5.85304136E+02  2.60498001E+00 -4.45515474E+03  1.49030584E+00 -2.91990978E+03  5.37425692E+00  4.68975326E+01  2.11818131E-01 -1.57234508E+02  1.31634285E-01 -1.10336975E+02  3.40772846E-01  4.04011832E+01  1.27428038E-01  1.63323286E+03  1.05697294E+01  1.07110738E-02  3.37834453E-05  6.97319707E-01  1.00980444E-03
 -3.90000000E+01  1.84855035E+03  8.62547422E-01 -6.30661403E+03  3.85499665E-01 -5.69596432E+03  3.76947584E-01 -5.93855047E+02  1.93648691E-01 -4.45806367E+03  7.48158870E-01 -2.89801731E+03  7.48158870E-01  4.62123268E+01  2.15636856E-02 -1.57660726E+02  9.63749375E-03 -1.11448399E+02  1.87039703E-02  4.00011887E+01  1.18872017E-03  1.60009629E+03  9.62863341E-02  1.06050282E-02  3.15150868E-07  6.91064370E-01  4.80434161E-04
 -4.00000000E+01  1.85006682E+03  7.75158372E-01 -6.30718385E+03  4.06244482E-01 -5.69625140E+03  3.13977999E-01 -5.94286733E+02  2.13726322E-01 -4.45711703E+03  7.13107975E-01 -2.85711703E+03  7.13107975E-01  4.62516704E+01  1.93789593E-02 -1.57679596E+02  1.01561105E-02 -1.11427926E+02  1.78276986E-02  4.00000000E+01  0.00000000E+00  1.60000000E+03  0.00000000E+00  1.06047130E-02  5.66558315E-18  6.99467191E-01  3.95782596E-04
 -4.10000000E+01  1.85517309E+03  3.22944155E+00 -6.30586612E+03  2.44576033E+00 -5.70161250E+03  3.35556211E+00 -5.87040460E+02  1.07559137E+00 -4.45069302E+03  9.64937279E-01 -2.80853528E+03  1.95290616E+00  4.63161965E+01  4.94836871E-02 -1.57441593E+02  4.64928256E-02 -1.11125397E+02  9.29808685E-02  4.00526280E+01  2.71317981E-02  1.60426287E+03  2.19767564E+00  1.06186656E-02  7.19312262E-06  7.09453368E-01  4.09791381E-04
 -4.20000000E+01  1.84940731E+03  8.46387557E-01 -6.30083771E+03  4.05629227E-01 -5.69479107E+03  3.52168069E-01 -5.89185714E+02  1.99653314E-01 -4.45143040E+03  7.35556017E-01 -2.77143040E+03  7.35556017E-01  4.62351827E+01  2.11596891E-02 -1.57520943E+02  1.01407307E-02 -1.11285760E+02  1.83889021E-02  4.00000000E+01  0.00000000E+00  1.60000000E+03  0.00000000E+00  1.06047130E-02  5.59842576E-18  6.89488778E-01  4.13708832E-04
 -4.30000000E+01  1.84682978E+03  7.27121440E-01 -6.30662240E+03  4.69013586E-01 -5.69565811E+03  3.72118963E-01 -5.94297364E+02  2.07370140E-01 -4.45979262E+03  6.97951807E-01 -2.73979262E+03  6.97951807E-01  4.61707446E+01  1.81780359E-02 -1.57665560E+02  1.17253396E-02 -1.11494815E+02  1.74487952E-02  4.00000000E+01  0.00000000E+00  1.60000000E+03  0.00000000E+00  1.06047130E-02  5.61585733E-18  6.93279932E-01  4.18885502E-04
 -4.40000000E+01  1.65750663E+03  6.80723623E-01 -5.97234793E+03  3.35492376E-01 -5.41748834E+03  2.77856255E-01 -5.41057251E+02  1.76587653E-01 -4.31484129E+03  6.61489077E-01 -2.64284129E+03  6.61489077E-01  4.36185956E+01  1.79137801E-02 -1.57167051E+02  8.82874818E-03 -1.13548455E+02  1.74076079E-02  3.80000000E+01  0.00000000E+00  1.44400000E+03  0.00000000E+00  1.00744774E-02  4.10213936E-18  7.07517093E-01  3.71463664E-04
 -4.50000000E+01  1.84862907E+03  7.96085209E-01 -6.30127060E+03  3.65234931E-01 -5.69490261E+03  2.97296529E-01 -5.89429266E+02  2.16400772E-01 -4.45264153E+03  8.08281829E-01 -2.65264153E+03  8.08281829E-01  4.62157268E+01  1.99021302E-02 -1.57531765E+02  9.13087399E-03 -1.11316038E+02  2.02070460E-02  4.00000000E+01  0.00000000E+00  1.60000000E+03  0.00000000E+00  1.06047130E-02  5.61002873E-18  6.71776318E-01  4.41144943E-04
 -4.60000000E+01  1.65725834E+03  6.85893364E-01 -5.97265588E+03  3.45909318E-01 -5.41757028E+03  2.75977791E-01 -5.41298541E+02  2.12640389E-01 -4.31539754E+03  6.99045588E-01 -2.56739754E+03  6.99045588E-01  4.36120616E+01  1.80498254E-02 -1.57175155E+02  9.10287555E-03 -1.13563093E+02  1.83959356E-02  3.80000000E+01  0.00000000E+00  1.44400000E+03  0.00000000E+00  1.00744774E-02  4.05264679E-18  7.82084525E-01  3.84698002E-04
 -4.70000000E+01  1.84924395E+03  9.01673650E-01 -6.30654715E+03  4.15616326E-01 -5.69574296E+03  3.55993661E-01 -5.93931892E+02  2.25977117E-01 -4.45730320E+03  8.35302041E-01 -2.57730320E+03  8.35302041E-01  4.62310987E+01  2.25418409E-02 -1.57663679E+02  1.03904080E-02 -1.11432580E+02  2.08825522E-02  4.00000000E+01  0.00000000E+00  1.60000000E+03  0.00000000E+00  1.06047130E-02  5.59842576E-18  6.88973918E-01  5.51984830E-04
 -4.80000000E+01  1.65584638E+03  6.73994060E-01 -5.97209614E+03  3.60815506E-01 -5.41711663E+03  2.68665612E-01 -5.41125930E+02  1.88485848E-01 -4.31624976E+03  6.30217761E-01 -2.49224976E+03  6.30217761E-01  4.35749047E+01  1.77366858E-02 -1.57160425E+02  9.49514462E-03 -1.13585520E+02  1.65846775E-02  3.80000000E+01  0.00000000E+00  1.44400000E+03  0.00000000E+00  1.00744774E-02  4.02874991E-18  6.96683745E-01  3.64778510E-04
 -4.90000000E+01  1.65679593E+03  7.11471935E-01 -5.97237353E+03  2.87788795E-01 -5.41706165E+03  2.35503059E-01 -5.41531063E+02  1.85650056E-01 -4.31557760E+03  6.51145704E-01 -2.45357760E+03  6.51145704E-01  4.35998929E+01  1.87229456E-02 -1.57167725E+02  7.57338912E-03 -1.13567832E+02  1.71354142E-02  3.80000000E+01  0.00000000E+00  1.44400000E+03  0.00000000E+00  1.00744774E-02  4.05374510E-18  7.04296910E-01  4.12288923E-04
 -5.00000000E+01  1.65593662E+03  7.84204503E-01 -5.97128306E+03  6.03387737E-01 -5.41727369E+03  3.00561327E-01 -5.40267075E+02  4.64153857E-01 -4.31534645E+03  7.03466904E-01 -2.41534645E+03  7.03466904E-01  4.35772795E+01  2.06369603E-02 -1.57139028E+02  1.58786263E-02 -1.13561749E+02  1.85122856E-02  3.80000000E+01  0.00000000E+00  1.44400000E+03  0.00000000E+00  1.00744774E-02  4.04145610E-18  7.43709582E-01  5.73757979E-04
 -5.10000000E+01  1.56831955E+03  6.36533507E-01 -5.80343159E+03  2.98333721E-01 -5.27772468E+03  2.60746514E-01 -5.13135276E+02  1.53065513E-01 -4.23511204E+03  5.90841715E-01 -2.34811204E+03  5.90841715E-01  4.23870149E+01  1.72036084E-02 -1.56849503E+02  8.06307291E-03 -1.14462488E+02  1.59686938E-02  3.70000000E+01  0.00000000E+00  1.36900000E+03  0.00000000E+00  9.80935953E-03  5.64984566E-18  7.17270385E-01  4.37858160E-04
 -5.20000000E+01  1.39070638E+03  6.10797010E-01 -5.49184666E+03  2.86093812E-01 -5.00096273E+03  2.26300327E-01 -4.81626402E+02  1.35612310E-01 -4.10114028E+03  5.47752152E-01 -2.28114028E+03  5.47752152E-01  3.97344679E+01  1.74513430E-02 -1.56909904E+02  8.17410718E-03 -1.17175437E+02  1.56500624E-02  3.50000000E+01  0.00000000E+00  1.22500000E+03  0.00000000E+00  9.27912388E-03  6.44380206E-18  7.19977029E-01  8.59439907E-04
 -5.30000000E+01  1.38766052E+03  8.54010456E-01 -5.49010602E+03  3.93002132E-01 -5.00033373E+03  2.47410494E-01 -4.80369374E+02  2.09180111E-01 -4.10244550E+03  6.47569132E-01 -2.24744550E+03  6.47569132E-01  3.96474435E+01  2.44002985E-02 -1.56860172E+02  1.12286339E-02 -1.17212729E+02  1.85019754E-02  3.50000000E+01  0.00000000E+00  1.22500000E+03  0.00000000E+00  9.27912388E-03  5.55552720E-18  8.18172221E-01  7.65529851E-04
 -5.40000000E+01  1.47495639E+03  5.64376246E-01 -5.65468231E+03  3.00199803E-01 -5.14011889E+03  2.18347570E-01 -5.03960030E+02  1.52250110E-01 -4.17972592E+03  5.43511685E-01 -2.23572592E+03  5.43511685E-01  4.09710108E+01  1.56771180E-02 -1.57074509E+02  8.33888394E-03 -1.16103498E+02  1.50975465E-02  3.60000000E+01  0.00000000E+00  1.29600000E+03  0.00000000E+00  9.54424170E-03  6.75502588E-18  7.34708130E-01  4.80797994E-04
 -5.50000000E+01  1.47601458E+03  6.01997703E-01 -5.65451746E+03  3.03991698E-01 -5.13983854E+03  2.30226853E-01 -5.04196455E+02  1.77922916E-01 -4.17850288E+03  6.48479649E-01 -2.19850288E+03  6.48479649E-01  4.10004051E+01  1.67221587E-02 -1.57069929E+02  8.44421314E-03 -1.16069524E+02  1.80133223E-02  3.60000000E+01  0.00000000E+00  1.29600000E+03  0.00000000E+00  9.54424170E-03  6.61764882E-18  7.40056164E-01  4.57515600E-04
 -5.60000000E+01  1.47544123E+03  6.03142908E-01 -5.65507167E+03  2.69973521E-01 -5.14049666E+03  2.23220367E-01 -5.03933615E+02  1.52388859E-01 -4.17963044E+03  5.65810383E-01 -2.16363044E+03  5.65810383E-01  4.09844785E+01  1.67539691E-02 -1.57085324E+02  7.49926446E-03 -1.16100846E+02  1.57169548E-02  3.60000000E+01  0.00000000E+00  1.29600000E+03  0.00000000E+00  9.54424170E-03  4.64701755E-18  9.09913786E-01  2.09267079E-04
 -5.70000000E+01  1.38978200E+03  6.74946184E-01 -5.49106975E+03  3.11177134E-01 -5.00007657E+03  2.08526812E-01 -4.81516101E+02  1.65072733E-01 -4.10128774E+03  5.89893620E-01 -2.10628774E+03  5.89893620E-01  3.97080572E+01  1.92841767E-02 -1.56887707E+02  8.89077629E-03 -1.17179650E+02  1.68541032E-02  3.50000000E+01  0.00000000E+00  1.22500000E+03  0.00000000E+00  9.27912388E-03  6.09904840E-18  6.51056441E-01  8.27350145E-04
 -5.80000000E+01  1.39018909E+03  5.64434194E-01 -5.49150058E+03  2.45175481E-01 -5.00067347E+03  1.93897822E-01 -4.81598424E+02  1.40104550E-01 -4.10131149E+03  5.55028825E-01 -2.07131149E+03  5.55028825E-01  3.97196883E+01  1.61266914E-02 -1.56900017E+02  7.00501316E-03 -1.17180328E+02  1.58579658E-02  3.50000000E+01  0.00000000E+00  1.22500000E+03  0.00000000E+00  9.27912388E-03  6.53721495E-18  6.58458861E-01  6.48961681E-04
 -5.90000000E+01  1.39014268E+03  6.53812092E-01 -5.49023136E+03  3.27302292E-01 -5.00002050E+03  2.29280831E-01 -4.80914047E+02  1.70105558E-01 -4.10008869E+03  5.71191618E-01 -2.03508869E+03  5.71191618E-01  3.97183622E+01  1.86803461E-02 -1.56863753E+02  9.35149398E-03 -1.17145391E+02  1.63197601E-02  3.50000000E+01  0.00000000E+00  1.22500000E+03  0.00000000E+00  9.27912388E-03  7.55542376E-18  7.58208971E-01  5.78944900E-04
 -6.00000000E+01  1.39006636E+03  6.66293795E-01 -5.49090548E+03  3.62424246E-01 -5.00080230E+03  2.49194517E-01 -4.80821746E+02  1.98771237E-01 -4.10083912E+03  5.74112350E-01 -2.00083912E+03  5.74112350E-01  3.97161816E+01  1.90369659E-02 -1.56883014E+02  1.03549767E-02 -1.17166832E+02  1.64032095E-02  3.50000000E+01  0.00000000E+00  1.22500000E+03  0.00000000E+00  9.27912388E-03  6.68161356E-18  7.47935248E-01  9.65104967E-04
 -6.10000000E+01  1.39083103E+03  6.24983639E-01 -5.49145292E+03  2.76149345E-01 -5.00096328E+03  2.26574333E-01 -4.81141212E+02  1.58590110E-01 -4.10062189E+03  5.52802358E-01 -1.96562189E+03  5.52802358E-01  3.97380294E+01  1.78566756E-02 -1.56898655E+02  7.88998137E-03 -1.17160625E+02  1.57943533E-02  3.50000000E+01  0.00000000E+00  1.22500000E+03  0.00000000E+00  9.27912388E-03  6.54310163E-18  7.65809692E-01  6.54865958E-04
 -6.20000000E+01  1.39002505E+03  5.94230339E-01 -5.49160365E+03  3.33934413E-01 -5.00075904E+03  2.36328916E-01 -4.81470021E+02  1.61396443E-01 -4.10157859E+03  5.36113904E-01 -1.93157859E+03  5.36113904E-01  3.97150015E+01  1.69780102E-02 -1.56902961E+02  9.54098194E-03 -1.17187960E+02  1.53175390E-02  3.50000000E+01  0.00000000E+00  1.22500000E+03  0.00000000E+00  9.27912388E-03  6.04803893E-18  7.47549565E-01  5.73874118E-04
 -6.30000000E+01  1.47497101E+03  6.17836667E-01 -5.65489977E+03  2.71225920E-01 -5.14017202E+03  2.21880855E-01 -5.04185500E+02  1.42924739E-01 -4.17992876E+03  6.02717857E-01 -1.91192876E+03  6.02717857E-01  4.09714168E+01  1.71621293E-02 -1.57080549E+02  7.53405386E-03 -1.16109132E+02  1.67421623E-02  3.60000000E+01  0.00000000E+00  1.29600000E+03  0.00000000E+00  9.54424170E-03  6.93917551E-18  6.85587803E-01  4.38309051E-04
 -6.40000000E+01  1.39040120E+03  6.02501501E-01 -5.49131274E+03  2.97181547E-01 -5.00065331E+03  2.25057512E-01 -4.81253705E+02  1.56344898E-01 -4.10091154E+03  5.56566534E-01 -1.86091154E+03  5.56566534E-01  3.97257485E+01  1.72143287E-02 -1.56894650E+02  8.49090077E-03 -1.17168901E+02  1.59019024E-02  3.50000000E+01  0.00000000E+00  1.22500000E+03  0.00000000E+00  9.27912388E-03  3.36551578E-18  8.62055076E-01  3.53920367E-04
 -6.50000000E+01  1.39044131E+03  5.90695410E-01 -5.49100111E+03  2.67007414E-01 -5.00038852E+03  2.16299341E-01 -4.81310794E+02  1.25343758E-01 -4.10055980E+03  5.48506606E-01 -1.82555980E+03  5.48506606E-01  3.97268946E+01  1.68770119E-02 -1.56885746E+02  7.62878315E-03 -1.17158851E+02  1.56716177E-02  3.50000000E+01  0.00000000E+00  1.22500000E+03  0.00000000E+00  9.27912388E-03  5.60220447E-18  7.31001812E-01  5.99282053E-04
 -6.60000000E+01  1.38940626E+03  7.99149263E-01 -5.49139020E+03  3.34677131E-01 -5.00075957E+03  2.34861441E-01 -4.81309953E+02  1.53697722E-01 -4.10198395E+03  6.75311439E-01 -1.79198395E+03  6.75311439E-01  3.96973216E+01  2.28328358E-02 -1.56896863E+02  9.56220542E-03 -1.17199541E+02  1.92946133E-02  3.50000000E+01  0.00000000E+00  1.22500000E+03  0.00000000E+00  9.27912388E-03  5.82274778E-18  6.99635754E-01  6.04180953E-04
 -6.70000000E+01  1.39003059E+03  6.07043331E-01 -5.49149594E+03  2.55358551E-01 -5.00110033E+03  2.08500246E-01 -4.81086912E+02  1.67594793E-01 -4.10146535E+03  5.67187378E-01 -1.75646535E+03  5.67187378E-01  3.97151597E+01  1.73440953E-02 -1.56899884E+02  7.29595814E-03 -1.17184724E+02  1.62053545E-02  3.50000000E+01  0.00000000E+00  1.22500000E+03  0.00000000E+00  9.27912388E-03  3.26814526E-18  7.61693638E-01  4.64735465E-04
 -6.80000000E+01  1.39053887E+03  6.35656657E-01 -5.49105688E+03  3.03096342E-01 -5.00048897E+03  2.54592460E-01 -4.81259313E+02  1.25884875E-01 -4.10051801E+03  5.96834203E-01 -1.72051801E+03  5.96834203E-01  3.97296819E+01  1.81616189E-02 -1.56887339E+02  8.65989561E-03 -1.17157657E+02  1.70524053E-02  3.50000000E+01  0.00000000E+00  1.22500000E+03  0.00000000E+00  9.27912388E-03  3.28137667E-18  7.48405279E-01  6.17039357E-04
 -6.90000000E+01  1.39171394E+03  5.98319427E-01 -5.49128941E+03  3.31182479E-01 -5.00089903E+03  2.43493882E-01 -4.81050102E+02  1.63918560E-01 -4.09957547E+03  5.73846951E-01 -1.68457547E+03  5.73846951E-01  3.97632554E+01  1.70948408E-02 -1.56893983E+02  9.46235578E-03 -1.17130728E+02  1.63956265E-02  3.50000000E+01  0.00000000E+00  1.22500000E+03  0.00000000E+00  9.27912388E-03  3.32489263E-18  7.96605702E-01  4.44498542E-04
 -7.00000000E+01  1.47636740E+03  6.09170310E-01 -5.65535567E+03  3.18842311E-01 -5.14068144E+03  2.23202815E-01 -5.04000533E+02  2.01622125E-01 -4.17898827E+03  6.39490483E-01 -1.65898827E+03  6.39490483E-01  4.10102056E+01  1.69213982E-02 -1.57093213E+02  8.85673114E-03 -1.16083008E+02  1.77636269E-02  3.60000000E+01  0.00000000E+00  1.29600000E+03  0.00000000E+00  9.54424170E-03  6.52775219E-18  9.16634077E-01  2.95218745E-04
 -7.10000000E+01  1.38939788E+03  5.87025092E-01 -5.49062161E+03  2.71659098E-01 -5.00010733E+03  2.00537231E-01 -4.81250482E+02  1.66633554E-01 -4.10122373E+03  5.71493384E-01 -1.61622868E+03  5.71537138E-01  3.96971602E+01  1.67693723E-02 -1.56875212E+02  7.74546033E-03 -1.17178052E+02  1.63310644E-02  3.49999303E+01  7.00604839E-05  1.22499519E+03  4.83417339E-03  9.27910540E-03  1.85742843E-08  7.18613628E-01  6.10403685E-04
 -7.20000000E+01  1.38769266E+03  8.11416964E-01 -5.49065924E+03  3.48169781E-01 -5.00070283E+03  2.05683988E-01 -4.80538113E+02  2.31308095E-01 -4.10296658E+03  7.21807147E-01 -1.58296658E+03  7.21807147E-01  3.96483618E+01  2.31833423E-02 -1.56875978E+02  9.94770833E-03 -1.17227617E+02  2.06230606E-02  3.50000000E+01  0.00000000E+00  1.22500000E+03  0.00000000E+00  9.27912388E-03  4.87627858E-18  8.05592502E-01  4.99362060E-04
 -7.30000000E+01  1.39006226E+03  6.34833490E-01 -5.49105950E+03  3.57178420E-01 -5.00060385E+03  2.46456904E-01 -4.81118690E+02  1.62853132E-01 -4.10099724E+03  6.16451619E-01 -1.54599724E+03  6.16451619E-01  3.97160645E+01  1.81380997E-02 -1.56887414E+02  1.02050988E-02 -1.17171350E+02  1.76129030E-02  3.50000000E+01  0.00000000E+00  1.22500000E+03  0.00000000E+00  9.27912388E-03  3.36864795E-18  7.51078834E-01  7.11699866E-04
 -7.40000000E+01  1.38962727E+03  6.18373009E-01 -5.49084487E+03  3.67160867E-01 -5.00049313E+03  2.67294706E-01 -4.81026456E+02  2.00237524E-01 -4.10121760E+03  5.73881811E-01 -1.51121760E+03  5.73881811E-01  3.97036362E+01  1.76678004E-02 -1.56881282E+02  1.04903107E-02 -1.17177646E+02  1.63966245E-02  3.50000000E+01  0.00000000E+00  1.22500000E+03  0.00000000E+00  9.27912388E-03  4.20091436E-18  8.38020957E-01  6.04457342E-04
 -7.50000000E+01  1.39026198E+03  7.39329070E-01 -5.49131953E+03  3.18198791E-01 -5.00098259E+03  2.36900193E-01 -4.80950590E+02  1.83487221E-01 -4.10105755E+03  6.31999017E-01 -1.47605755E+03  6.31999017E-01  3.97217709E+01  2.11236875E-02 -1.56894844E+02  9.09139404E-03 -1.17173073E+02  1.80571135E-02  3.50000000E+01  0.00000000E+00  1.22500000E+03  0.00000000E+00  9.27912388E-03  5.43152923E-18  8.98941822E-01  3.13074364E-04
 -7.60000000E+01  1.39027804E+03  6.73086747E-01 -5.49128295E+03  2.71187357E-01 -5.00077397E+03  2.36224351E-01 -4.81318220E+02  1.47172747E-01 -4.10100491E+03  5.93613383E-01 -1.44100491E+03  5.93613383E-01  3.97222298E+01  1.92310502E-02 -1.56893799E+02  7.74820911E-03 -1.17171569E+02  1.69603817E-02  3.50000000E+01  0.00000000E+00  1.22500000E+03  0.00000000E+00  9.27912388E-03  4.50142941E-18  8.16251273E-01  7.03063044E-04
 -7.70000000E+01  1.39025349E+03  5.79053346E-01 -5.49135129E+03  3.15694224E-01 -5.00089473E+03  2.70123716E-01 -4.81229622E+02  1.59234333E-01 -4.10109780E+03  5.37525465E-01 -1.40609780E+03  5.37525465E-01  3.97215282E+01  1.65443811E-02 -1.56895751E+02  9.01983485E-03 -1.17174223E+02  1.53578700E-02  3.50000000E+01  0.00000000E+00  1.22500000E+03  0.00000000E+00  9.27912388E-03  4.20091436E-18  7.96951471E-01  6.09828310E-04
 -7.80000000E+01  1.23543534E+03  5.16458075E-01 -5.15601500E+03  2.21226386E-01 -4.71933301E+03  1.89839590E-01 -4.29350680E+02  1.04074631E-01 -3.92057966E+03  5.19331692E-01 -1.34657966E+03  5.19331692E-01  3.74374345E+01  1.56502449E-02 -1.56242879E+02  6.70382961E-03 -1.18805444E+02  1.57373234E-02  3.30000000E+01  0.00000000E+00  1.08900000E+03  0.00000000E+00  8.74888823E-03  7.55514067E-18  9.45394803E-01  3.05548330E-04
 -7.90000000E+01  1.38803280E+03  6.72654776E-01 -5.49082674E+03  2.70720564E-01 -5.00093010E+03  2.02278340E-01 -4.80522869E+02  1.73613142E-01 -4.10279394E+03  6.32729147E-01 -1.33779394E+03  6.32729147E-01  3.96580801E+01  1.92187079E-02 -1.56880764E+02  7.73487238E-03 -1.17222684E+02  1.80779760E-02  3.50000000E+01  0.00000000E+00  1.22500000E+03  0.00000000E+00  9.27912388E-03  7.47559872E-18  9.67919885E-01  2.17394845E-04
 -8.00000000E+01  1.39124662E+03  6.34240967E-01 -5.49124410E+03  3.31374734E-01 -5.00080616E+03  2.51108479E-01 -4.81131724E+02  1.60160096E-01 -4.09999748E+03  6.37715479E-01 -1.29999748E+03  6.37715479E-01  3.97499034E+01  1.81211707E-02 -1.56892689E+02  9.46785033E-03 -1.17142785E+02  1.82204425E-02  3.50000000E+01  0.00000000E+00  1.22500000E+03  0.00000000E+00  9.27912388E-03  6.70987948E-18  9.31821200E-01  3.30743985E-04
 -8.10000000E+01  1.39144465E+03  5.75913251E-01 -5.49203048E+03  2.64151869E-01 -5.00120741E+03  2.00218114E-01 -4.81596494E+02  1.65859029E-01 -4.10058583E+03  5.58612030E-01 -1.26558583E+03  5.58612030E-01  3.97555614E+01  1.64546641E-02 -1.56915156E+02  7.54719707E-03 -1.17159595E+02  1.59603424E-02  3.50000000E+01  0.00000000E+00  1.22500000E+03  0.00000000E+00  9.27912388E-03  5.08043002E-18  7.81527903E-01  5.09550851E-04
 -8.20000000E+01  1.23543962E+03  5.27772758E-01 -5.15636622E+03  2.19065631E-01 -4.71940315E+03  1.75270120E-01 -4.29683262E+02  1.13513791E-01 -3.92092660E+03  5.05493822E-01 -1.21492660E+03  5.05493822E-01  3.74375643E+01  1.59931138E-02 -1.56253522E+02  6.63835246E-03 -1.18815958E+02  1.53179948E-02  3.30000000E+01  0.00000000E+00  1.08900000E+03  0.00000000E+00  8.74888823E-03  8.04956816E-18  9.19945924E-01  2.54031205E-04
 -8.30000000E+01  1.39070376E+03  6.94108468E-01 -5.49168503E+03  2.85222297E-01 -5.00070713E+03  2.18655948E-01 -4.81614468E+02  1.41981682E-01 -4.10098128E+03  6.38714890E-01 -1.19604595E+03  6.37880824E-01  3.97352630E+01  1.97366512E-02 -1.56908762E+02  7.14185650E-03 -1.17173499E+02  1.82381266E-02  3.49992209E+01  5.16103015E-04  1.22494624E+03  3.56111080E-02  9.27891732E-03  1.36828110E-07  9.15811053E-01  6.26349469E-04
 -8.40000000E+01  1.26012425E+03  8.69014172E+00 -5.21319439E+03  1.86915551E+01 -4.76734479E+03  1.57088616E+01 -4.38115154E+02  2.86772836E+00 -3.95307014E+03  1.00323889E+01 -1.15222953E+03  8.45654248E-01  3.77727411E+01  1.29860951E-01 -1.56343245E+02  3.73150457E-02 -1.18570504E+02  9.34839110E-02  3.33433406E+01  1.11422340E-01  1.11234803E+03  7.57665725E+00  8.83991395E-03  2.95400484E-05  7.36827252E-01  9.77376839E-04
 -8.50000000E+01  1.23441734E+03  5.31969782E-01 -5.15567148E+03  2.16910833E-01 -4.71900992E+03  1.82126989E-01 -4.29395746E+02  9.72956814E-02 -3.92125414E+03  5.08094305E-01 -1.11625414E+03  5.08094305E-01  3.74065862E+01  1.61202964E-02 -1.56232469E+02  6.57305517E-03 -1.18825883E+02  1.53967971E-02  3.30000000E+01  0.00000000E+00  1.08900000E+03  0.00000000E+00  8.74888823E-03  7.81090084E-18  8.55267807E-01  4.04595883E-04
 -8.60000000E+01  1.23504417E+03  5.31356713E-01 -5.15595693E+03  2.31839717E-01 -4.71915309E+03  1.86141279E-01 -4.29498245E+02  1.07205725E-01 -3.92091276E+03  5.29058926E-01 -1.08291276E+03  5.29058926E-01  3.74255810E+01  1.61017186E-02 -1.56241119E+02  7.02544553E-03 -1.18815538E+02  1.60320887E-02  3.30000000E+01  0.00000000E+00  1.08900000E+03  0.00000000E+00  8.74888823E-03  6.72222924E-18  9.32976706E-01  3.81568293E-04
 -8.70000000E+01  1.23519334E+03  5.41945462E-01 -5.15584071E+03  3.19405733E-01 -4.71912874E+03  2.52175490E-01 -4.29467686E+02  1.18625949E-01 -3.92064737E+03  5.22387636E-01 -1.04978709E+03  5.05930777E-01  3.74318772E+01  1.63185995E-02 -1.56245178E+02  7.55568532E-03 -1.18813301E+02  1.52834784E-02  3.29983940E+01  1.10351386E-03  1.08889561E+03  7.17284008E-02  8.74846246E-03  2.92561200E-07  8.29381059E-01  6.41528434E-04
 -8.80000000E+01  1.23621365E+03  5.44882316E-01 -5.15677547E+03  1.96563090E-01 -4.71980455E+03  1.70933808E-01 -4.29624219E+02  1.02825715E-01 -3.92056182E+03  5.75630676E-01 -1.01656182E+03  5.75630675E-01  3.74610198E+01  1.65115852E-02 -1.56265923E+02  5.95645703E-03 -1.18804904E+02  1.74433534E-02  3.30000000E+01  0.00000000E+00  1.08900000E+03  0.00000000E+00  8.74888823E-03  7.05375127E-18  9.88344583E-01  1.05278856E-04
 -8.90000000E+01  1.23273155E+03  5.40614900E-01 -5.15493009E+03  2.59985680E-01 -4.71854857E+03  2.17650019E-01 -4.29065384E+02  9.51979207E-02 -3.92219854E+03  5.55865498E-01 -9.85301179E+02  5.37602975E-01  3.73567842E+01  1.64350519E-02 -1.56215449E+02  6.46957532E-03 -1.18858665E+02  1.62014112E-02  3.29988468E+01  9.96903552E-04  1.08892504E+03  6.47987309E-02  8.74858248E-03  2.64296904E-07  7.55072264E-01  6.17791384E-04
 -9.00000000E+01  1.16664984E+03  5.46227666E-01 -4.98167331E+03  2.45017426E-01 -4.57724593E+03  1.90901648E-01 -3.97797138E+02  1.08638720E-01 -3.81502347E+03  5.22340706E-01 -9.35038767E+02  5.22452869E-01  3.64579929E+01  1.70493434E-02 -1.55678112E+02  7.42878380E-03 -1.19220120E+02  1.63309485E-02  3.19998300E+01  1.74172794E-04  1.02398929E+03  1.09728860E-02  8.48372533E-03  4.61763120E-08  9.32787115E-01  8.15017518E-04
 -9.10000000E+01  1.23343132E+03  5.09266388E-01 -5.15483547E+03  4.22376765E-01 -4.71844912E+03  3.28069933E-01 -4.29067847E+02  1.60900606E-01 -3.92140414E+03  5.65109267E-01 -9.18721622E+02  5.15658269E-01  3.73805621E+01  1.52278762E-02 -1.56223579E+02  6.52529923E-03 -1.18843017E+02  1.55983221E-02  3.29965112E+01  1.92323871E-03  1.08877323E+03  1.25010516E-01  8.74796329E-03  5.09884872E-07  8.50889913E-01  8.20958448E-04
 -9.20000000E+01  1.23423767E+03  5.24209734E-01 -5.15572064E+03  3.23631142E-01 -4.71893416E+03  2.59358861E-01 -4.29456999E+02  1.17817423E-01 -3.92148297E+03  5.77023071E-01 -8.85647936E+02  5.50903477E-01  3.74031302E+01  1.56537762E-02 -1.56242411E+02  7.74370411E-03 -1.18839281E+02  1.65494153E-02  3.29982069E+01  1.16155602E-03  1.08888345E+03  7.55011413E-02  8.74841285E-03  3.07949211E-07  9.05831712E-01  4.56309164E-04
 -9.30000000E+01  1.22559991E+03  3.29583994E+00 -5.13225069E+03  8.59266915E+00 -4.69990292E+03  6.98736472E+00 -4.25079416E+02  1.57752450E+00 -3.90665078E+03  5.35418983E+00 -8.50501982E+02  8.90164410E-01  3.72908032E+01  4.64659883E-02 -1.56173693E+02  2.77254873E-02 -1.18882890E+02  2.32398979E-02  3.28618150E+01  4.94893706E-02  1.08005844E+03  3.21506956E+00  8.71225293E-03  1.31205145E-05  9.55635042E-01  1.05061683E-03
 -9.40000000E+01  1.23096003E+03  9.71727158E-01 -5.14850801E+03  2.34264864E+00 -4.71340479E+03  1.89366011E+00 -4.27860523E+02  4.50081712E-01 -3.91754799E+03  1.63297309E+00 -8.19430995E+02  6.11046819E-01  3.73472272E+01  1.91769577E-02 -1.56209969E+02  1.05509711E-02 -1.18862741E+02  1.62208123E-02  3.29586914E+01  1.31585685E-02  1.08632521E+03  8.49138989E-01  8.73793659E-03  3.48857108E-06  8.48509939E-01  1.40742832E-03
 -9.50000000E+01  1.18682433E+03  7.06165667E+00 -5.03368813E+03  1.80629632E+01 -4.61940777E+03  1.47574166E+01 -4.07376021E+02  3.25860904E+00 -3.84686380E+03  1.10284538E+01 -7.78818296E+02  1.25580892E+00  3.67335530E+01  1.03219145E-01 -1.55855983E+02  6.03650657E-02 -1.19122430E+02  4.48428299E-02  3.22952158E+01  1.03735850E-01  1.04348532E+03  6.64674242E+00  8.56203738E-03  2.75022233E-05  9.12378490E-01  2.43637762E-03
 -9.60000000E+01  1.19605905E+03  6.39688340E+00 -5.05650610E+03  1.58975471E+01 -4.63864391E+03  1.28920677E+01 -4.10951306E+02  2.96413073E+00 -3.86044705E+03  9.52084438E+00 -7.47114959E+02  9.06684846E-01  3.68688242E+01  9.53615446E-02 -1.55911109E+02  5.56733783E-02 -1.19042285E+02  4.14189491E-02  3.24305426E+01  9.06252604E-02  1.05211160E+03  5.85842474E+00  8.59791492E-03  2.40263722E-05  9.48835454E-01  2.27076771E-03
 -9.70000000E+01  1.07404158E+03  9.03605966E+00 -4.74574160E+03  2.33286326E+01 -4.38104895E+03  1.94262415E+01 -3.58957794E+02  3.82235439E+00 -3.67170002E+03  1.43124367E+01 -7.01727222E+02  1.18835535E+00  3.50510144E+01  1.36155690E-01 -1.54982899E+02  7.03554042E-02 -1.19931884E+02  6.75177318E-02  3.06182762E+01  1.36373369E-01  9.38329698E+02  8.45313480E+00  8.11745080E-03  3.61550109E-05  9.37628467E-01  1.70141580E-03
 -9.80000000E+01  1.13608698E+03  8.77709121E+00 -4.90485313E+03  2.22382068E+01 -4.51401993E+03  1.83971055E+01 -3.84344451E+02  3.76488833E+00 -3.76876616E+03  1.34787020E+01 -6.76147918E+02  9.40297976E-01  3.59741354E+01  1.34051844E-01 -1.55412851E+02  7.00386798E-02 -1.19438716E+02  6.64872066E-02  3.15573290E+01  1.29361834E-01  9.96683047E+02  8.07297935E+00  8.36641042E-03  3.42961280E-05  8.47857701E-01  3.57668406E-03
 -9.90000000E+01  1.03288360E+03  8.63666990E-01 -4.63921898E+03  1.79618842E+00 -4.29248489E+03  1.49734670E+00 -3.41419370E+02  3.66015765E-01 -3.60633538E+03  1.18380794E+00 -6.37066183E+02  4.91719202E-01  3.44374035E+01  2.04555291E-02 -1.54678343E+02  1.09276121E-02 -1.20240940E+02  1.74155965E-02  2.99926181E+01  1.04843412E-02  8.99577914E+02  6.27070818E-01  7.95157768E-03  2.77958573E-06  9.56011202E-01  1.42997470E-03
 -1.00000000E+02  1.05047397E+03  6.33635866E+00 -4.68727339E+03  1.60307279E+01 -4.33295470E+03  1.33712650E+01 -3.48756423E+02  2.60549485E+00 -3.63679942E+03  9.72637505E+00 -6.08447990E+02  6.81357536E-01  3.46726647E+01  9.81282102E-02 -1.54772245E+02  4.70125177E-02 -1.20099581E+02  5.52973106E-02  3.02835144E+01  9.42345218E-02  9.17559554E+02  5.82531316E+00  8.02869946E-03  2.49832515E-05  7.79127603E-01  5.15045781E-03
 -1.01000000E+02  1.03137701E+03  1.17297013E+00 -4.63581883E+03  3.18722922E+00 -4.28942393E+03  2.63858443E+00 -3.41039183E+02  5.73979934E-01 -3.60444182E+03  2.15358689E+00 -5.77450835E+02  5.15423607E-01  3.44125704E+01  2.18782617E-02 -1.54680342E+02  1.40872454E-02 -1.20267771E+02  1.57554980E-02  2.99702077E+01  1.84712186E-02  8.98242257E+02  1.08980190E+00  7.94563629E-03  4.89704920E-06  9.67948412E-01  8.61219115E-04
 -1.02000000E+02  1.02604351E+03  2.15260519E+00 -4.62630004E+03  5.58179714E+00 -4.28238611E+03  4.61264015E+00 -3.38590029E+02  9.80172087E-01 -3.60025653E+03  3.59246215E+00 -5.47611344E+02  7.42462980E-01  3.42792276E+01  3.83922451E-02 -1.54579116E+02  2.33112187E-02 -1.20299889E+02  2.60396728E-02  2.99278940E+01  3.22559148E-02  8.95814071E+02  1.92556879E+00  7.93441816E-03  8.55161793E-06  8.29052900E-01  5.52540205E-03
 -1.03000000E+02  1.00294344E+03  3.49052295E+00 -4.56170548E+03  9.85617497E+00 -4.22857381E+03  8.19070594E+00 -3.27943369E+02  1.64967470E+00 -3.55876204E+03  6.43676660E+00 -5.15107547E+02  7.25778129E-01  3.39288365E+01  5.51637375E-02 -1.54365923E+02  3.48559538E-02 -1.20437087E+02  2.51242268E-02  2.95500436E+01  5.74534818E-02  8.73572217E+02  3.36700381E+00  7.83424329E-03  1.52319420E-05  7.24715357E-01  7.22829965E-03
 -1.04000000E+02  9.84240779E+02  4.26332077E+00 -4.50865620E+03  1.18603925E+01 -4.18404482E+03  9.94281101E+00 -3.19616101E+02  1.89074832E+00 -3.52441542E+03  7.64592996E+00 -4.83639911E+02  6.18455352E-01  3.36482117E+01  6.66911686E-02 -1.54196752E+02  3.65029864E-02 -1.20548540E+02  3.40222884E-02  2.92382261E+01  7.01868793E-02  8.55319793E+02  4.09571936E+00  7.75157490E-03  1.86077927E-05  6.81152756E-01  7.21276767E-03
 -1.05000000E+02  9.69385478E+02  7.31467495E+00 -4.46184561E+03  2.04762066E+01 -4.14351699E+03  1.72204964E+01 -3.13492550E+02  3.20088703E+00 -3.49246013E+03  1.31844879E+01 -4.52867680E+02  6.77366418E-01  3.34653978E+01  1.12928572E-01 -1.54119033E+02  6.38832666E-02 -1.20653635E+02  5.16254107E-02  2.89484996E+01  1.20927772E-01  8.38678654E+02  7.02110611E+00  7.67476324E-03  3.20601078E-05  9.52812094E-01  2.56117602E-03
 -1.06000000E+02  9.41853640E+02  4.91672663E+00 -4.38789874E+03  1.31194739E+01 -4.08130542E+03  1.11508600E+01 -3.02033922E+02  1.93376008E+00 -3.44604510E+03  8.22846715E+00 -4.23779822E+02  4.89731018E-01  3.30184579E+01  8.00402122E-02 -1.53889812E+02  3.67217596E-02 -1.20871354E+02  4.67918571E-02  2.85119366E+01  7.84821608E-02  8.13377093E+02  4.53396154E+00  7.55902261E-03  2.08070199E-05  8.19882453E-01  5.09136351E-03
 -1.07000000E+02  9.19485094E+02  2.13055797E+00 -4.32695607E+03  6.22935324E+00 -4.02894221E+03  5.38908454E+00 -2.93660707E+02  8.22150552E-01 -3.40747097E+03  4.16601540E+00 -3.96039332E+02  4.39498073E-01  3.26652724E+01  3.26813425E-02 -1.53739907E+02  1.42767031E-02 -1.21074635E+02  2.21157625E-02  2.81442209E+01  3.80332047E-02  7.92264613E+02  2.18557479E+00  7.46153464E-03  1.00832806E-05  8.08541534E-01  5.62218618E-03
 -1.08000000E+02  9.17360545E+02  1.30185412E+00 -4.31946099E+03  3.07624008E+00 -4.02309594E+03  2.66829358E+00 -2.91991623E+02  4.11968262E-01 -3.40210045E+03  1.92230935E+00 -3.66723775E+02  5.08106223E-01  3.26349447E+01  2.69681552E-02 -1.53686027E+02  9.57086067E-03 -1.21051082E+02  2.30691766E-02  2.81053396E+01  1.87693392E-02  7.90056874E+02  1.06842089E+00  7.45122650E-03  4.97608649E-06  6.89167059E-01  5.96756950E-03
 -1.09000000E+02  9.09810604E+02  1.69204889E+00 -4.29473780E+03  4.20506418E+00 -4.00178436E+03  3.51807193E+00 -2.88648286E+02  7.14476101E-01 -3.38492720E+03  2.69577720E+00 -3.38212543E+02  4.95737506E-01  3.25454877E+01  3.47707399E-02 -1.53647180E+02  1.99580734E-02 -1.21101693E+02  2.22891053E-02  2.79515106E+01  2.44253988E-02  7.81415110E+02  1.35805393E+00  7.41044370E-03  6.47560856E-06  9.23443357E-01  3.72157066E-03
 -1.10000000E+02  9.04210278E+02  1.71791067E+00 -4.27947942E+03  5.02764859E+00 -3.98856498E+03  4.15415475E+00 -2.86723771E+02  8.78763117E-01 -3.37526914E+03  3.38336498E+00 -3.10658246E+02  4.63459492E-01  3.24507787E+01  3.06433293E-02 -1.53602816E+02  2.22328044E-02 -1.21152038E+02  1.73854891E-02  2.78600991E+01  2.89478279E-02  7.76339218E+02  1.59196074E+00  7.38620887E-03  7.67458505E-06  8.76157234E-01  5.67498075E-03
 -1.11000000E+02  8.93046384E+02  3.01621168E+00 -4.24295753E+03  9.00989629E+00 -3.95804877E+03  7.55115804E+00 -2.80749469E+02  1.45526451E+00 -3.34991115E+03  6.04787777E+00 -2.81238360E+02  5.30893474E-01  3.22911745E+01  5.01502841E-02 -1.53467881E+02  3.47634734E-02 -1.21176706E+02  2.26271278E-02  2.76457008E+01  5.27110871E-02  7.64677035E+02  2.87431065E+00  7.32936806E-03  1.39746486E-05  8.93441476E-01  5.37266850E-03
 -1.12000000E+02  8.64976349E+02  4.52882217E+00 -4.15663602E+03  1.41050025E+01 -3.88483241E+03  1.18977468E+01 -2.67799435E+02  2.19074718E+00 -3.29165968E+03  9.61726119E+00 -2.52723312E+02  5.76268980E-01  3.18567665E+01  7.16051039E-02 -1.53176982E+02  5.20580454E-02 -1.21320216E+02  2.51543486E-02  2.71333604E+01  8.30306638E-02  7.36971763E+02  4.48232467E+00  7.19353749E-03  2.20129089E-05  9.22176783E-01  4.22254547E-03
 -1.13000000E+02  8.28500684E+02  4.17049042E+00 -4.04014410E+03  1.29175168E+01 -3.78566765E+03  1.09327298E+01 -2.50686860E+02  1.96469057E+00 -3.21164342E+03  8.79004844E+00 -2.23972630E+02  5.19469324E-01  3.13131764E+01  6.73739211E-02 -1.52790385E+02  4.59516905E-02 -1.21477208E+02  2.68024850E-02  2.64395645E+01  7.64363755E-02  6.99844351E+02  4.08810875E+00  7.00959983E-03  2.02646456E-05  8.28057954E-01  5.21701995E-03
 -1.14000000E+02  7.88540312E+02  2.65037416E+00 -3.90850941E+03  8.06017759E+00 -3.67273617E+03  6.92291223E+00 -2.32235379E+02  1.12042349E+00 -3.11996910E+03  5.48325645E+00 -1.96187129E+02  5.52115769E-01  3.07257821E+01  4.73612184E-02 -1.52382158E+02  2.78677846E-02 -1.21656376E+02  2.57234726E-02  2.56472103E+01  4.82551967E-02  6.58427807E+02  2.49292366E+00  6.79953261E-03  1.27933128E-05  9.05422266E-01  1.93776459E-03
 -1.15000000E+02  7.63109674E+02  1.72481213E+00 -3.82208184E+03  5.52845150E+00 -3.59808177E+03  4.77224013E+00 -2.20727335E+02  7.47203078E-01 -3.05897216E+03  3.92258093E+00 -1.69460156E+02  4.46983114E-01  3.03515315E+01  3.09483849E-02 -1.52102381E+02  1.77190077E-02 -1.21750849E+02  1.97200849E-02  2.51261914E+01  3.34886515E-02  6.31983114E+02  1.69905835E+00  6.66140121E-03  8.87843844E-06  6.61806986E-01  3.44636841E-03
 -1.16000000E+02  7.30723449E+02  1.52411142E+00 -3.71312013E+03  4.97100841E+00 -3.50346377E+03  4.31298141E+00 -2.06603788E+02  6.49678800E-01 -2.98239668E+03  3.52737403E+00 -1.44842182E+02  4.14898082E-01  2.98550437E+01  2.86358837E-02 -1.51781284E+02  1.62187705E-02 -1.21926240E+02  1.83039332E-02  2.44616767E+01  3.02317891E-02  5.98967804E+02  1.49316572E+00  6.48522653E-03  8.01498621E-06  8.21002777E-01  3.17251926E-03
 -1.17000000E+02  7.04461442E+02  1.64699587E+00 -3.62061150E+03  5.55088394E+00 -3.42263525E+03  4.85481544E+00 -1.95095305E+02  6.95157195E-01 -2.91615006E+03  4.03655646E+00 -1.20199512E+02  5.42369844E-01  2.94625719E+01  3.27876060E-02 -1.51496429E+02  1.74175723E-02 -1.22033857E+02  2.35232241E-02  2.38970132E+01  3.39856927E-02  5.71686903E+02  1.62375801E+00  6.33552416E-03  9.01021293E-06  8.66947920E-01  2.57650735E-03
 -1.18000000E+02  6.76872164E+02  2.19325255E+00 -3.51771637E+03  7.58979482E+00 -3.33219636E+03  6.65479932E+00 -1.82815634E+02  9.22583576E-01 -2.84084421E+03  5.46550217E+00 -9.55928076E+01  4.69466822E-01  2.90698826E+01  3.94101272E-02 -1.51185355E+02  2.31699530E-02 -1.22115473E+02  2.28902769E-02  2.32648424E+01  4.67548274E-02  5.42091619E+02  2.16273830E+00  6.16792441E-03  1.23955381E-05  8.88515336E-01  2.27073308E-03
 -1.19000000E+02  6.38395853E+02  2.17663341E+00 -3.37752740E+03  7.28740283E+00 -3.20847336E+03  6.43142256E+00 -1.66612557E+02  8.52049108E-01 -2.73913155E+03  5.17201552E+00 -7.37445654E+01  4.52941134E-01  2.84704093E+01  4.23208179E-02 -1.50770322E+02  2.42304806E-02 -1.22299912E+02  2.32799975E-02  2.23982099E+01  4.47796056E-02  5.02797023E+02  2.01742948E+00  5.93816470E-03  1.18718716E-05  8.23759788E-01  2.90135375E-03
 -1.20000000E+02  5.94369464E+02  1.95491137E+00 -3.20237076E+03  7.15684541E+00 -3.05247745E+03  6.36604431E+00 -1.47721697E+02  7.84800572E-01 -2.60800129E+03  5.24123520E+00 -5.09632099E+01  3.51683736E-01  2.78516846E+01  3.49632623E-02 -1.50252113E+02  2.26161816E-02 -1.22400428E+02  1.77995171E-02  2.13086507E+01  4.43906011E-02  4.55551500E+02  1.92474440E+00  5.64930313E-03  1.17687396E-05  7.72085275E-01  3.01831610E-03
 -1.21000000E+02  5.38944720E+02  1.50411792E+00 -2.97426614E+03  5.88386088E+00 -2.84716684E+03  5.29515811E+00 -1.25150245E+02  5.87145926E-01 -2.43532142E+03  4.43880300E+00 -3.05710462E+01  3.43841755E-01  2.70674164E+01  2.95604557E-02 -1.49613267E+02  1.88099217E-02 -1.22545850E+02  1.79807997E-02  1.98739700E+01  3.69105066E-02  3.96942283E+02  1.47182170E+00  5.26894370E-03  9.78563324E-06  6.94462111E-01  2.56830891E-03
 -1.22000000E+02  4.41990997E+02  1.74415282E+00 -2.52399319E+03  8.12765557E+00 -2.43391535E+03  7.54076984E+00 -8.86461580E+01  5.84582471E-01 -2.08200220E+03  6.41097302E+00 -9.50638622E+00  2.60215524E-01  2.59153367E+01  2.66799307E-02 -1.48471074E+02  2.00116980E-02 -1.22555738E+02  1.51262456E-02  1.69876706E+01  5.26837474E-02  2.93736564E+02  1.70416253E+00  4.50373428E-03  1.39674005E-05  6.92449881E-01  2.15620611E-03
 -1.23000000E+02  7.64406341E+01  1.88915114E+00 -4.78763929E+02  1.12601602E+01 -4.73124737E+02  1.10064304E+01 -5.46793927E+00  2.53896631E-01 -4.02323295E+02  9.37259382E+00  3.74310472E+00  1.05939415E-01             NAN             NAN             NAN             NAN             NAN             NAN  3.30135284E+00  7.68001141E-02  1.91279074E+01  8.51231340E-01  8.75247486E-04  2.03610792E-05  6.74985668E-01  1.17165511E-03
