#              u               K              ΔK               V              ΔV           V_ext          ΔV_ext           V_int          ΔV_int               E              ΔE            E_mu           ΔE_mu             K/N            ΔK/N             V/N            ΔV/N             E/N            ΔE/N               N              ΔN             N^2            ΔN^2         density        Δdensity        diagonal       Δdiagonal
 -1.50000000E+01  1.79484110E+03  2.74676986E+00 -5.29076174E+03  3.19419251E+00 -4.31640284E+03  9.88367590E-01 -9.53796914E+02  2.29394138E+00 -3.49592063E+03  1.31286987E+00 -2.79784508E+03  1.03640939E+00  3.85663486E+01  3.03248297E-02 -1.13697268E+02  5.63151599E-02 -7.51309192E+01  6.84129814E-02  4.65383703E+01  4.82456203E-02  2.16626808E+03  4.46625845E+00  1.85072273E-02  1.91861619E-05  7.35644929E-01  1.05278361E-02
 -1.60000000E+01  2.01277307E+03  2.15678561E+00 -5.47744150E+03  2.50537973E+00 -4.55808555E+03  1.21732402E+00 -8.91033457E+02  1.60998603E+00 -3.46466843E+03  1.40243351E+00 -2.69674649E+03  1.33117785E+00  4.19370055E+01  3.08376075E-02 -1.14133542E+02  5.22216717E-02 -7.21965369E+01  5.25378490E-02  4.79951213E+01  3.77674621E-02  2.30389126E+03  3.62845379E+00  1.90865433E-02  1.50192405E-05  5.92250892E-01  1.30191531E-02
 -1.70000000E+01  1.74660600E+03  2.32406532E+00 -5.22345081E+03  3.13311138E+00 -4.29897374E+03  9.02868782E-01 -9.04471198E+02  2.29386422E+00 -3.47684481E+03  1.28961535E+00 -2.70400057E+03  9.12407704E-01  3.84201557E+01  2.74976665E-02 -1.14916807E+02  8.61160099E-02 -7.64966512E+01  7.91553647E-02  4.54614260E+01  5.99403928E-02  2.06736929E+03  5.46085878E+00  1.80789516E-02  2.38368998E-05  6.42941741E-01  6.42404967E-03
 -1.80000000E+01  1.72993369E+03  2.93099047E+00 -5.19714113E+03  3.90142948E+00 -4.29167026E+03  1.09000718E+00 -8.85912331E+02  2.89428641E+00 -3.46720744E+03  1.45061527E+00 -2.65889352E+03  1.00215754E+00  3.85241426E+01  2.73038957E-02 -1.15751600E+02  9.88251290E-02 -7.72274572E+01  9.73537434E-02  4.49063288E+01  7.07528542E-02  2.01720191E+03  6.38411819E+00  1.78582023E-02  2.81367626E-05  7.35414915E-01  7.58450627E-03
 -1.90000000E+01  1.70552605E+03  1.62182100E+00 -5.16502108E+03  1.89526379E+00 -4.28829041E+03  1.09334776E+00 -8.57106036E+02  1.41439506E+00 -3.45949504E+03  1.21536528E+00 -2.61632112E+03  9.62423588E-01  3.84331495E+01  3.19192649E-02 -1.16400482E+02  5.35656017E-02 -7.79673322E+01  4.56155611E-02  4.43775745E+01  3.29475030E-02  1.96975684E+03  2.94725798E+00  1.76479291E-02  1.31024544E-05  6.46796016E-01  8.62215650E-03
 -2.00000000E+01  1.95363840E+03  2.00747446E+00 -5.38354306E+03  2.66639140E+00 -4.53326319E+03  1.13390803E+00 -8.22950289E+02  1.70668280E+00 -3.42990466E+03  1.25702468E+00 -2.50285618E+03  1.07150744E+00  4.21480946E+01  2.45169709E-02 -1.16157006E+02  5.13564137E-02 -7.40089114E+01  5.28326862E-02  4.63524238E+01  4.13754563E-02  2.14904994E+03  3.86058974E+00  1.84332807E-02  1.64540569E-05  6.95220485E-01  7.81726674E-03
 -2.10000000E+01  1.68857622E+03  1.94153229E+00 -5.13082376E+03  2.50250340E+00 -4.27188851E+03  9.63333701E-01 -8.39882226E+02  1.60359013E+00 -3.44224754E+03  1.25677509E+00 -2.52407774E+03  9.57378225E-01  3.86219626E+01  2.53121852E-02 -1.17366456E+02  5.39183929E-02 -7.87444931E+01  5.75871020E-02  4.37223713E+01  3.95602363E-02  1.91214990E+03  3.43510020E+00  1.73873700E-02  1.57321864E-05  8.42484799E-01  5.57599521E-03
 -2.20000000E+01  1.67333831E+03  2.26390724E+00 -5.10454113E+03  3.09636004E+00 -4.26468576E+03  1.18507187E+00 -8.21213153E+02  1.94661629E+00 -3.43120282E+03  1.26481147E+00 -2.48005197E+03  8.91415660E-01  3.87066809E+01  2.41752978E-02 -1.18096623E+02  7.00139061E-02 -7.93899425E+01  7.41842899E-02  4.32341298E+01  5.06584194E-02  1.87004180E+03  4.34935701E+00  1.71932077E-02  2.01456756E-05  7.53705153E-01  7.77644154E-03
 -2.30000000E+01  1.62289589E+03  2.39274006E+00 -5.01603934E+03  3.88961383E+00 -4.23787432E+03  1.39166096E+00 -7.59975531E+02  2.56247189E+00 -3.39314345E+03  1.81482410E+00 -2.43726461E+03  7.52773637E-01  3.90623922E+01  2.92849558E-02 -1.20774425E+02  1.22276785E-01 -8.17120329E+01  1.05653971E-01  4.15599495E+01  7.33214480E-02  1.72917261E+03  6.10836213E+00  1.65274251E-02  2.91582346E-05  8.10269609E-01  4.77708797E-03
 -2.40000000E+01  1.51350456E+03  4.49441526E+00 -4.78232231E+03  1.04436251E+01 -4.15437849E+03  3.84788355E+00 -6.11495327E+02  6.53081767E+00 -3.26881774E+03  6.04462619E+00 -2.39508058E+03  6.92337639E-01  4.18791778E+01  1.83310888E-01 -1.32496288E+02  6.79722181E-01 -9.06171097E+01  4.97845769E-01  3.64057150E+01  2.49011049E-01  1.34089767E+03  1.74708118E+01  1.44777060E-02  9.90259017E-05  6.90397218E-01  3.65423045E-03
 -2.50000000E+01  1.39390062E+03  5.03644816E-01 -4.48167308E+03  8.56413389E-01 -4.03921451E+03  4.07767783E-01 -4.27972560E+02  4.89745930E-01 -3.08777245E+03  6.47554765E-01 -2.36313158E+03  3.91768859E-01  4.81492341E+01  2.74854163E-02 -1.54816972E+02  8.08851783E-02 -1.06667738E+02  5.80048206E-02  2.89856350E+01  2.17530553E-02  8.41699141E+02  1.32290305E+00  1.15269128E-02  8.65068408E-06  6.92588248E-01  1.08454915E-03
 -2.60000000E+01  1.38532234E+03  4.68291495E-01 -4.45637197E+03  3.53703799E-01 -4.02846180E+03  2.15140004E-01 -4.13627836E+02  1.85740406E-01 -3.07104964E+03  4.28052462E-01 -2.33543072E+03  4.15695260E-01  4.89779327E+01  1.66607942E-02 -1.57555943E+02  2.63378085E-02 -1.08578011E+02  2.41218379E-02  2.82930351E+01  6.47079579E-03  8.00826213E+02  3.75455033E-01  1.12514819E-02  2.57328504E-06  6.75267285E-01  5.67503175E-04
 -2.70000000E+01  1.38233329E+03  4.23763920E-01 -4.44923432E+03  2.41198711E-01 -4.02525429E+03  1.93141534E-01 -4.09709830E+02  1.35230365E-01 -3.06690102E+03  4.36605075E-01 -2.30813930E+03  4.23668252E-01  4.91941699E+01  1.55793175E-02 -1.58338604E+02  1.42664142E-02 -1.09144434E+02  1.64008383E-02  2.81022861E+01  2.79907108E-03  7.89843364E+02  1.60344160E-01  1.11756255E-02  1.11312540E-06  6.55481663E-01  4.31103146E-04
 -2.80000000E+01  1.38183661E+03  4.11916872E-01 -4.44705070E+03  2.38134233E-01 -4.02459577E+03  1.84273178E-01 -4.08144387E+02  1.28519050E-01 -3.06521409E+03  3.80686845E-01 -2.28016922E+03  3.81096955E-01  4.92875206E+01  1.46484914E-02 -1.58617553E+02  1.05851176E-02 -1.09330032E+02  1.43431464E-02  2.80373169E+01  1.36558240E-03  7.86128744E+02  7.79719015E-02  1.11497887E-02  5.43059998E-07  6.39216840E-01  3.81290671E-04
 -2.90000000E+01  1.38260188E+03  3.84431975E-01 -4.44641331E+03  2.21034624E-01 -4.02435218E+03  1.86074577E-01 -4.07749279E+02  1.15416403E-01 -3.06381143E+03  3.65824281E-01 -2.25138730E+03  3.66145868E-01  4.93534719E+01  1.37436493E-02 -1.58719778E+02  9.35655154E-03 -1.09366306E+02  1.38572186E-02  2.80146254E+01  8.09996461E-04  7.84833915E+02  4.61957730E-02  1.11407649E-02  3.22116477E-07  6.70779298E-01  3.61335748E-04
 -3.00000000E+01  1.38128630E+03  2.54603291E-01 -4.44603594E+03  1.32832383E-01 -4.02400901E+03  1.18037181E-01 -4.07800691E+02  7.50232713E-02 -3.06474964E+03  2.36414306E-01 -2.22457659E+03  2.36241248E-01  4.93217700E+01  9.12425725E-03 -1.58755173E+02  4.97875181E-03 -1.09433403E+02  8.47108515E-03  2.80057680E+01  2.89418257E-04  7.84328792E+02  1.64972989E-02  1.11372425E-02  1.15094690E-07  6.81273194E-01  2.21894906E-04
 -3.10000000E+01  1.38121948E+03  2.60700349E-01 -4.44585376E+03  1.35971601E-01 -4.02397215E+03  1.10058316E-01 -4.07670874E+02  7.52016095E-02 -3.06463428E+03  2.47549145E-01 -2.19657108E+03  2.48115121E-01  4.93257621E+01  9.28468120E-03 -1.58769245E+02  4.88612443E-03 -1.09443483E+02  8.92093880E-03  2.80020387E+01  1.46379172E-04  7.84116218E+02  8.34537412E-03  1.11357595E-02  5.82114371E-08  6.62512253E-01  2.29247077E-04
 -3.20000000E+01  1.38112252E+03  2.62812481E-01 -4.44587179E+03  1.38865685E-01 -4.02394298E+03  1.11941324E-01 -4.07696027E+02  8.14966985E-02 -3.06474927E+03  2.46881813E-01 -2.16872794E+03  2.46838310E-01  4.93246503E+01  9.38341030E-03 -1.58777454E+02  5.02083603E-03 -1.09452803E+02  8.81661605E-03  2.80006667E+01  9.16371404E-05  7.84038000E+02  5.22331700E-03  1.11352138E-02  3.64418334E-08  6.86568117E-01  1.96525833E-04
 -3.30000000E+01  1.38184596E+03  2.85500503E-01 -4.44605994E+03  1.54953896E-01 -4.02411769E+03  1.25419410E-01 -4.07649910E+02  7.54188592E-02 -3.06421398E+03  3.04925679E-01 -2.14020789E+03  3.05071226E-01  4.93513181E+01  1.02044030E-02 -1.58786836E+02  5.62696836E-03 -1.09435518E+02  1.09070174E-02  2.80001845E+01  3.84588902E-05  7.84010515E+02  2.19215674E-03  1.11350221E-02  1.52941516E-08  7.06643597E-01  2.04053820E-04
 -3.40000000E+01  1.38109817E+03  2.65242319E-01 -4.44575932E+03  1.33117334E-01 -4.02386517E+03  1.22736679E-01 -4.07608074E+02  7.70854122E-02 -3.06466115E+03  2.55988312E-01 -2.11265717E+03  2.56014171E-01  4.93247294E+01  9.47170172E-03 -1.58776473E+02  4.74621640E-03 -1.09451743E+02  9.14568271E-03  2.80001171E+01  3.50034765E-05  7.84006675E+02  1.99519816E-03  1.11349953E-02  1.39200311E-08  7.24842049E-01  2.02233934E-04
 -3.50000000E+01  1.38060413E+03  5.59612780E-01 -4.44531185E+03  2.64264922E-01 -4.02487499E+03  4.08859884E-01 -4.06152494E+02  6.74362772E-01 -3.06470772E+03  3.52362191E-01 -2.08470594E+03  3.52420716E-01  4.93072030E+01  1.99815849E-02 -1.58760856E+02  9.41880465E-03 -1.09453653E+02  1.25911461E-02  2.80000510E+01  2.43174847E-05  7.84002907E+02  1.38609663E-03  1.11349690E-02  9.67047557E-09  7.40127988E-01  2.07052273E-04
 -3.60000000E+01  1.38127389E+03  2.49367645E-01 -4.44601567E+03  1.32242436E-01 -4.02401084E+03  1.10425357E-01 -4.07747210E+02  7.20981425E-02 -3.06474178E+03  2.48105381E-01 -2.05674051E+03  2.48128105E-01  4.93311485E+01  8.90536927E-03 -1.58786079E+02  4.72586395E-03 -1.09454931E+02  8.86341051E-03  2.80000352E+01  1.97907953E-05  7.84002004E+02  1.12807533E-03  1.11349627E-02  7.87028197E-09  6.88690245E-01  2.06930288E-04
 -3.70000000E+01  1.38162159E+03  2.63204979E-01 -4.44599995E+03  1.32253906E-01 -4.02398152E+03  1.14567272E-01 -4.07795441E+02  7.47311478E-02 -3.06437835E+03  2.56772147E-01 -2.02837759E+03  2.56770412E-01  4.93435927E+01  9.40024425E-03 -1.58785598E+02  4.72429631E-03 -1.09442006E+02  9.17022788E-03  2.80000206E+01  1.48853464E-05  7.84001172E+02  8.48464745E-04  1.11349569E-02  5.91952657E-09  6.88043279E-01  1.93530192E-04
 -3.80000000E+01  1.38171810E+03  2.55535813E-01 -4.44598965E+03  1.46020268E-01 -4.02411061E+03  1.22068576E-01 -4.07659071E+02  7.18115436E-02 -3.06427156E+03  2.45073473E-01 -2.00027156E+03  2.45073473E-01  4.93470748E+01  9.12627919E-03 -1.58785345E+02  5.21500943E-03 -1.09438270E+02  8.75262538E-03  2.80000000E+01  0.00000000E+00  7.84000000E+02  0.00000000E+00  1.11349487E-02  1.09993838E-17  6.87252279E-01  2.31152897E-04
 -3.90000000E+01  1.38118277E+03  2.99901763E-01 -4.44597218E+03  1.68352488E-01 -4.02439421E+03  1.51792180E-01 -4.07370681E+02  2.49866703E-01 -3.06478941E+03  2.76376793E-01 -1.97278941E+03  2.76376793E-01  4.93279560E+01  1.07107772E-02 -1.58784721E+02  6.01258871E-03 -1.09456765E+02  9.87060066E-03  2.80000000E+01  0.00000000E+00  7.84000000E+02  0.00000000E+00  1.11349487E-02  1.14667117E-17  6.90130496E-01  1.98654442E-04
 -4.00000000E+01  1.38121672E+03  2.54980240E-01 -4.44591227E+03  1.25751608E-01 -4.02406246E+03  1.07890832E-01 -4.07625413E+02  7.10654019E-02 -3.06469555E+03  2.52192156E-01 -1.94469555E+03  2.52192156E-01  4.93291684E+01  9.10643724E-03 -1.58782581E+02  4.49112892E-03 -1.09453413E+02  9.00686278E-03  2.80000000E+01  0.00000000E+00  7.84000000E+02  0.00000000E+00  1.11349487E-02  1.20352376E-17  6.95145009E-01  2.04138932E-04
 -4.10000000E+01  1.38062000E+03  4.91499720E-01 -4.44555879E+03  2.82604763E-01 -4.02508253E+03  4.58055019E-01 -4.06162494E+02  6.95328392E-01 -3.06493878E+03  2.92096595E-01 -1.91693875E+03  2.92106717E-01  4.93078558E+01  1.75533382E-02 -1.58769952E+02  1.00931201E-02 -1.09462096E+02  1.04329772E-02  2.80000009E+01  8.68055556E-07  7.84000049E+02  4.94791667E-05  1.11349490E-02  3.45203993E-10  7.08719119E-01  2.47944009E-04
 -4.20000000E+01  1.38117575E+03  2.53571599E-01 -4.44575196E+03  1.41122676E-01 -4.02393586E+03  1.15078056E-01 -4.07561518E+02  8.15595031E-02 -3.06457621E+03  2.78546902E-01 -1.88857621E+03  2.78546902E-01  4.93277054E+01  9.05612843E-03 -1.58776856E+02  5.04009620E-03 -1.09449150E+02  9.94810424E-03  2.80000000E+01  0.00000000E+00  7.84000000E+02  0.00000000E+00  1.11349487E-02  1.27140912E-17  6.94179702E-01  2.04564995E-04
 -4.30000000E+01  1.38071913E+03  2.82856197E-01 -4.44589284E+03  1.30052052E-01 -4.02404177E+03  1.07368136E-01 -4.07640967E+02  7.66709690E-02 -3.06517371E+03  2.46105193E-01 -1.86117371E+03  2.46105193E-01  4.93113975E+01  1.01020072E-02 -1.58781887E+02  4.64471606E-03 -1.09470490E+02  8.78947072E-03  2.80000000E+01  0.00000000E+00  7.84000000E+02  0.00000000E+00  1.11349487E-02  1.23991067E-17  6.90348152E-01  1.93327156E-04
 -4.40000000E+01  1.38120477E+03  2.63670333E-01 -4.44589126E+03  1.39350737E-01 -4.02399137E+03  1.20221040E-01 -4.07638913E+02  7.08601414E-02 -3.06468649E+03  2.48340761E-01 -1.83268649E+03  2.48340761E-01  4.93287416E+01  9.41679765E-03 -1.58781831E+02  4.97681244E-03 -1.09453089E+02  8.86931227E-03  2.80000000E+01  0.00000000E+00  7.84000000E+02  0.00000000E+00  1.11349487E-02  1.15591785E-17  6.58102018E-01  2.00071645E-04
 -4.50000000E+01  1.38090627E+03  2.54380290E-01 -4.44578533E+03  1.78428459E-01 -4.02388710E+03  1.53919257E-01 -4.07623520E+02  7.21750836E-02 -3.06487906E+03  2.44572121E-01 -1.80489435E+03  2.42956589E-01  4.93186589E+01  9.02674024E-03 -1.58779958E+02  5.27424309E-03 -1.09461299E+02  8.65411907E-03  2.79996602E+01  3.42601103E-04  7.83981312E+02  1.88430607E-02  1.11348136E-02  1.36244508E-07  6.67546139E-01  2.27139007E-04
 -4.60000000E+01  1.38183050E+03  2.87346999E-01 -4.44603424E+03  1.83418100E-01 -4.02409963E+03  1.52647862E-01 -4.07675308E+02  7.33695772E-02 -3.06420374E+03  2.39974133E-01 -1.77623686E+03  2.37408679E-01  4.93523215E+01  9.91240668E-03 -1.58790991E+02  4.64232920E-03 -1.09438670E+02  8.59990220E-03  2.79992801E+01  5.83938234E-04  7.83960404E+02  3.21166029E-02  1.11346624E-02  2.32218694E-07  7.36305811E-01  2.36157337E-04
 -4.70000000E+01  1.38126830E+03  3.36259574E-01 -4.44602610E+03  1.33858730E-01 -4.02402330E+03  1.14625132E-01 -4.07752440E+02  7.08501737E-02 -3.06475779E+03  3.04469672E-01 -1.74876770E+03  3.03186408E-01  4.93313710E+01  1.20102693E-02 -1.58787832E+02  4.58516527E-03 -1.09456461E+02  1.07848681E-02  2.79997892E+01  2.11588542E-04  7.83988405E+02  1.16373698E-02  1.11348649E-02  8.41438585E-08  6.85932831E-01  2.76763818E-04
 -4.80000000E+01  1.38139506E+03  2.51067371E-01 -4.44607771E+03  1.35937973E-01 -4.02412039E+03  1.24788572E-01 -4.07728775E+02  7.82963651E-02 -3.06468265E+03  2.35100663E-01 -1.72068332E+03  2.35063857E-01  4.93355612E+01  8.96815339E-03 -1.58788568E+02  4.85867714E-03 -1.09453007E+02  8.39353557E-03  2.79999861E+01  1.41469595E-05  7.83999233E+02  7.78082770E-04  1.11349432E-02  5.62592905E-09  6.93484373E-01  2.66372872E-04
 -4.90000000E+01  1.38158526E+03  2.74631163E-01 -4.44605679E+03  2.41623623E-01 -4.02413467E+03  1.78790653E-01 -4.07691795E+02  9.29558788E-02 -3.06447153E+03  2.76032677E-01 -1.69253174E+03  2.56980159E-01  4.93444427E+01  9.62024741E-03 -1.58794671E+02  5.25401333E-03 -1.09450229E+02  8.78490838E-03  2.79987712E+01  1.15277893E-03  7.83932416E+02  6.34028410E-02  1.11344600E-02  4.58433439E-07  7.01135493E-01  3.41909742E-04
 -5.00000000E+01  1.38188842E+03  2.41907530E-01 -4.44604779E+03  1.68312871E-01 -4.02406650E+03  1.33151642E-01 -4.07751609E+02  7.80391490E-02 -3.06415937E+03  2.31422135E-01 -1.66419450E+03  2.28890020E-01  4.93543629E+01  8.55998773E-03 -1.58791386E+02  4.96695693E-03 -1.09437023E+02  8.15222816E-03  2.79992975E+01  4.09733016E-04  7.83961364E+02  2.25353159E-02  1.11346693E-02  1.62941312E-07  7.08278630E-01  3.56236648E-04
 -5.10000000E+01  1.38023941E+03  6.91597665E-01 -4.44527465E+03  3.54973211E-01 -4.02421941E+03  1.45245708E-01 -4.06752533E+02  4.61376828E-01 -3.06503523E+03  3.88516418E-01 -1.63706361E+03  3.88300099E-01  4.92952082E+01  2.46868021E-02 -1.58762946E+02  1.25913628E-02 -1.09467737E+02  1.38844548E-02  2.79994436E+01  2.87457443E-04  7.83969400E+02  1.58101594E-02  1.11347275E-02  1.14315180E-07  7.46714619E-01  4.77942293E-04
 -5.20000000E+01  1.38187834E+03  2.41901195E-01 -4.44596533E+03  1.81488667E-01 -4.02423018E+03  1.83562001E-01 -4.07480785E+02  1.59949576E-01 -3.06408699E+03  2.43890096E-01 -1.60813515E+03  2.33876298E-01  4.93543776E+01  8.53395146E-03 -1.58789702E+02  5.08444064E-03 -1.09435325E+02  8.18908155E-03  2.79990739E+01  5.13832585E-04  7.83949063E+02  2.82607922E-02  1.11345804E-02  2.04339316E-07  7.21664602E-01  3.85307159E-04
 -5.30000000E+01  1.38231646E+03  2.84331385E-01 -4.44654637E+03  1.57923001E-01 -4.02444168E+03  1.28729341E-01 -4.07868242E+02  9.65027659E-02 -3.06422991E+03  2.68780258E-01 -1.58025040E+03  2.65482876E-01  4.93691158E+01  1.01521044E-02 -1.58807409E+02  5.07601591E-03 -1.09438293E+02  9.38683754E-03  2.79996133E+01  2.74610117E-04  7.83978734E+02  1.51035565E-02  1.11347949E-02  1.09206076E-07  7.96558205E-01  3.30903486E-04
 -5.40000000E+01  1.19795044E+03  2.05372796E+01 -4.15254292E+03  3.25918024E+01 -3.76864638E+03  2.84902131E+01 -3.73030328E+02  3.78449007E+00 -2.95459248E+03  1.20930382E+01 -1.54212043E+03  1.36868770E+00  4.56403991E+01  4.16663809E-01 -1.58754962E+02  2.27200942E-02 -1.13114563E+02  4.19064001E-01  2.61568898E+01  2.05359242E-01  6.86231638E+02  1.08822087E+01  1.04019866E-02  8.16665965E-05  7.34723776E-01  5.86822292E-04
 -5.50000000E+01  1.08118123E+03  2.52931098E-01 -3.96929049E+03  2.17834126E-01 -3.60755068E+03  1.75421917E-01 -3.53069667E+02  7.14052883E-02 -2.88810927E+03  2.13006595E-01 -1.51316231E+03  1.96195209E-01  4.32488602E+01  9.71411772E-03 -1.58777718E+02  4.97114363E-03 -1.15528857E+02  7.70920864E-03  2.49990356E+01  9.45708296E-04  6.24952743E+02  4.63397065E-02  9.94153491E-03  3.76086191E-07  7.40902101E-01  2.80466459E-04
 -5.60000000E+01  1.09021650E+03  4.90505707E+00 -3.98316673E+03  7.57230592E+00 -3.61992258E+03  6.72106769E+00 -3.54416567E+02  7.66142783E-01 -2.89295023E+03  2.68215574E+00 -1.48808806E+03  3.20583791E-01  4.34381316E+01  1.01795607E-01 -1.58775375E+02  6.88248910E-03 -1.15337244E+02  1.04968832E-01  2.50868244E+01  4.82035234E-02  6.29589403E+02  2.54695344E+00  9.97644648E-03  1.91694207E-05  7.46123348E-01  3.32274348E-04
 -5.70000000E+01  1.08650863E+03  3.36528138E+00 -3.97687365E+03  5.18472801E+00 -3.61438928E+03  4.58514234E+00 -3.53723995E+02  5.58524055E-01 -2.89036503E+03  1.84501364E+00 -1.46262558E+03  2.67074344E-01  4.33655269E+01  6.98211271E-02 -1.58769881E+02  8.00188186E-03 -1.15404354E+02  7.23168759E-02  2.50480604E+01  3.30461472E-02  6.27543657E+02  1.74881044E+00  9.96103094E-03  1.31416845E-05  6.53938580E-01  4.03404582E-04
 -5.80000000E+01  9.92428578E+02  1.82341754E-01 -3.80546439E+03  9.14558565E-02 -3.46674818E+03  7.24723088E-02 -3.31465138E+02  5.11856508E-02 -2.81303581E+03  1.72906867E-01 -1.42103581E+03  1.72906867E-01  4.13511908E+01  7.59757311E-03 -1.58561016E+02  3.81066054E-03 -1.17209825E+02  7.20445265E-03  2.40000000E+01  0.00000000E+00  5.76000000E+02  0.00000000E+00  9.54424170E-03  1.15300505E-17  7.07006734E-01  1.71335394E-04
 -5.90000000E+01  1.09029996E+03  4.28453852E+00 -3.98312907E+03  6.77894561E+00 -3.61977083E+03  5.93896655E+00 -3.54555105E+02  7.73323870E-01 -2.89282911E+03  2.51346375E+00 -1.41270084E+03  2.91691425E-01  4.34404672E+01  8.74474955E-02 -1.58773134E+02  7.42900336E-03 -1.15332667E+02  8.78344679E-02  2.50869198E+01  4.27266957E-02  6.29605263E+02  2.26321044E+00  9.97648442E-03  1.69914136E-05  6.65178455E-01  5.58402054E-04
 -6.00000000E+01  1.06350390E+03  6.59347320E+00 -3.93490518E+03  1.27875332E+01 -3.57861342E+03  1.08006897E+01 -3.47881749E+02  1.88491434E+00 -2.87140128E+03  6.20112383E+00 -1.38432632E+03  1.42938024E+00  4.28834459E+01  1.36938807E-01 -1.58763093E+02  7.63878984E-03 -1.15879647E+02  1.31206901E-01  2.47845827E+01  7.97145084E-02  6.14657738E+02  3.82637677E+00  9.85625201E-03  3.17006054E-05  7.48345062E-01  7.62870921E-04
 -6.10000000E+01  9.91861364E+02  1.83914702E-01 -3.80530296E+03  9.20485966E-02 -3.46664578E+03  7.16817835E-02 -3.31430295E+02  5.22703688E-02 -2.81344160E+03  1.81033450E-01 -1.34944160E+03  1.81033450E-01  4.13275568E+01  7.66311259E-03 -1.58554290E+02  3.83535798E-03 -1.17226733E+02  7.54306157E-03  2.40000000E+01  0.00000000E+00  5.76000000E+02  0.00000000E+00  9.54424170E-03  1.15584615E-17  6.74312245E-01  1.93842822E-04
 -6.20000000E+01  1.08201815E+03  2.30955396E-01 -3.96975953E+03  1.26155687E-01 -3.60793438E+03  9.69871147E-02 -3.53156873E+02  5.72976290E-02 -2.88774138E+03  2.10051307E-01 -1.33775370E+03  2.08116019E-01  4.32810592E+01  9.24018513E-03 -1.58791639E+02  4.85800177E-03 -1.15510580E+02  8.27529226E-03  2.49998013E+01  1.76038010E-04  6.24990265E+02  8.62586247E-03  9.94183943E-03  7.00062207E-08  7.77381580E-01  3.87101632E-04
 -6.30000000E+01  9.96006166E+02  2.22423220E+00 -3.81153650E+03  3.17247872E+00 -3.47241360E+03  3.01631792E+00 -3.31804117E+02  1.71908965E-01 -2.81553033E+03  9.74058495E-01 -1.30096602E+03  4.16017084E-01  4.14204585E+01  5.24520034E-02 -1.58545725E+02  7.29290592E-03 -1.17125266E+02  5.86694580E-02  2.40407035E+01  2.10239059E-02  5.78056845E+02  1.05125611E+00  9.56042852E-03  8.36071855E-06  6.84074664E-01  2.27253926E-04
 -6.40000000E+01  9.92009776E+02  2.03500359E-01 -3.80545425E+03  8.84430239E-02 -3.46670679E+03  7.17920681E-02 -3.31544946E+02  4.73610508E-02 -2.81344447E+03  1.89958897E-01 -1.27744447E+03  1.89958897E-01  4.13337407E+01  8.47918159E-03 -1.58560594E+02  3.68512601E-03 -1.17226853E+02  7.91495428E-03  2.40000000E+01  0.00000000E+00  5.76000000E+02  0.00000000E+00  9.54424170E-03  1.14335373E-17  6.89336072E-01  1.78043045E-04
 -6.50000000E+01  1.03613200E+03  9.90438499E+00 -3.87977212E+03  1.91061897E+01 -3.53225224E+03  1.61526984E+01 -3.39533223E+02  2.80309873E+00 -2.84364012E+03  9.20537506E+00 -1.25496550E+03  1.47818193E+00  4.23193828E+01  2.06691160E-01 -1.58736820E+02  1.06179980E-02 -1.16417437E+02  1.97931191E-01  2.44411480E+01  1.19054490E-01  5.98383120E+02  5.71440016E+00  9.71967599E-03  4.73452007E-05  6.92201172E-01  7.56762334E-04
 -6.60000000E+01  1.02459469E+03  7.76181072E+00 -3.86280827E+03  1.32005992E+01 -3.51652750E+03  1.14773442E+01 -3.38518134E+02  1.60652757E+00 -2.83821358E+03  5.49358371E+00 -1.23089822E+03  6.75601875E-01  4.20340299E+01  1.63971651E-01 -1.58613488E+02  1.33321040E-02 -1.16579458E+02  1.55778684E-01  2.43532630E+01  8.17969652E-02  5.93547541E+02  4.14536887E+00  9.68472619E-03  3.25287509E-05  6.97519694E-01  5.82236300E-04
 -6.70000000E+01  1.02742258E+03  9.82851045E+00 -3.86406661E+03  1.89865497E+01 -3.51889282E+03  1.60332594E+01 -3.37371739E+02  2.80375405E+00 -2.83664403E+03  9.16269381E+00 -1.20564490E+03  1.26136652E+00  4.21412293E+01  2.05092861E-01 -1.58729456E+02  1.08023454E-02 -1.16588226E+02  1.95380770E-01  2.43432707E+01  1.18162870E-01  5.93496630E+02  5.67167090E+00  9.68075246E-03  4.69906243E-05  7.01244551E-01  7.74836014E-04
 -6.80000000E+01  1.07750618E+03  3.03269174E+00 -3.96204633E+03  6.01467912E+00 -3.60173578E+03  5.04942214E+00 -3.51678928E+02  9.17732141E-01 -2.88454015E+03  3.02391907E+00 -1.18761541E+03  5.80096460E-01  4.31734059E+01  6.29099236E-02 -1.58768608E+02  8.45752563E-03 -1.15595202E+02  5.68147415E-02  2.49547755E+01  3.70728643E-02  6.22817183E+02  1.78303864E+00  9.92393372E-03  1.47430157E-05  8.48676756E-01  5.35275110E-04
 -6.90000000E+01  9.92440126E+02  1.92023332E-01 -3.80546890E+03  9.73368471E-02 -3.46681914E+03  7.23484067E-02 -3.31431197E+02  5.20845053E-02 -2.81302878E+03  1.75282716E-01 -1.15702878E+03  1.75282716E-01  4.13516719E+01  8.00097220E-03 -1.58561204E+02  4.05570153E-03 -1.17209532E+02  7.30344694E-03  2.40000000E+01  0.00000000E+00  5.76000000E+02  0.00000000E+00  9.54424170E-03  1.16489533E-17  7.10827880E-01  1.86741709E-04
 -7.00000000E+01  9.96650935E+02  3.62868515E+00 -3.81193584E+03  5.86319553E+00 -3.47246612E+03  5.16602412E+00 -3.32189791E+02  6.28624755E-01 -2.81528490E+03  2.24999549E+00 -1.13245369E+03  4.03471640E-01  4.14445308E+01  7.60737462E-02 -1.58563186E+02  4.59355870E-03 -1.17118655E+02  7.61457295E-02  2.40404459E+01  3.69603873E-02  5.78095403E+02  1.91414899E+00  9.56032610E-03  1.46982867E-05  7.14789419E-01  2.83737705E-04
 -7.10000000E+01  9.92386164E+02  2.39725084E-01 -3.80562460E+03  9.06034803E-02 -3.46694997E+03  7.55966868E-02 -3.31421595E+02  4.81942605E-02 -2.81323843E+03  2.25705124E-01 -1.10923843E+03  2.25705124E-01  4.13494235E+01  9.98854507E-03 -1.58567692E+02  3.77514499E-03 -1.17218268E+02  9.40437958E-03  2.40000000E+01  0.00000000E+00  5.76000000E+02  0.00000000E+00  9.54424170E-03  1.18172490E-17  7.58252464E-01  2.08006695E-04
 -7.20000000E+01  9.92331017E+02  2.37796255E-01 -3.80539175E+03  8.75108671E-02 -3.46682752E+03  7.35056629E-02 -3.31344909E+02  5.65905686E-02 -2.81306074E+03  2.23687926E-01 -1.08506074E+03  2.23687926E-01  4.13471257E+01  9.90817749E-03 -1.58557990E+02  3.64628619E-03 -1.17210864E+02  9.32032998E-03  2.40000000E+01  0.00000000E+00  5.76000000E+02  0.00000000E+00  9.54424170E-03  1.18118220E-17  7.21450811E-01  2.21305566E-04
 -7.30000000E+01  9.26285746E+02  4.22237556E+00 -3.66581298E+03  8.20444007E+00 -3.35126945E+03  6.94660610E+00 -3.08385467E+02  1.19138510E+00 -2.73952724E+03  3.98861865E+00 -1.05321873E+03  3.03547929E-01  4.00854632E+01  8.72929792E-02 -1.58692093E+02  5.76035527E-03 -1.18606629E+02  8.49468494E-02  2.31001165E+01  5.13016256E-02  5.33796950E+02  2.46056425E+00  9.18637897E-03  2.04014630E-05  9.85820107E-01  9.62259536E-05
 -7.40000000E+01  9.19312717E+02  2.28445788E+00 -3.65514919E+03  4.30799482E+00 -3.34221952E+03  3.64807208E+00 -3.06836311E+02  6.32299116E-01 -2.73583648E+03  2.03443742E+00 -1.03078651E+03  1.69504896E-01  3.98924503E+01  4.88463655E-02 -1.58634989E+02  4.55879412E-03 -1.18742539E+02  4.75101460E-02  2.30412158E+01  2.69377841E-02  5.30976376E+02  1.29175863E+00  9.16295552E-03  1.07125300E-05  7.22549249E-01  3.02049511E-04
 -7.50000000E+01  9.15828746E+02  1.78171934E-01 -3.64860009E+03  8.83645836E-02 -3.33666109E+03  8.11129213E-02 -3.05889976E+02  4.39034800E-02 -2.73277134E+03  1.60903257E-01 -1.00777303E+03  1.60834998E-01  3.98186794E+01  7.74278042E-03 -1.58634941E+02  3.81890445E-03 -1.18816262E+02  6.99144739E-03  2.29999775E+01  2.27864583E-05  5.28998985E+02  1.02539062E-03  9.14655600E-03  9.06164435E-09  7.26384538E-01  2.48478233E-04
 -7.60000000E+01  9.15441783E+02  1.82523725E-01 -3.64854328E+03  9.60734852E-02 -3.33668098E+03  8.55937457E-02 -3.05801514E+02  5.03770974E-02 -2.73310149E+03  1.65267806E-01 -9.85101492E+02  1.65267807E-01  3.98018167E+01  7.93581414E-03 -1.58632316E+02  4.17710781E-03 -1.18830500E+02  7.18555669E-03  2.30000000E+01  0.00000000E+00  5.29000000E+02  0.00000000E+00  9.14656497E-03  1.14252803E-17  7.16732360E-01  2.78689881E-04
 -7.70000000E+01  9.92304399E+02  1.91196970E-01 -3.80552057E+03  8.93388484E-02 -3.46689596E+03  6.90199205E-02 -3.31434213E+02  5.07422907E-02 -2.81321618E+03  1.79282571E-01 -9.65216766E+02  1.79139945E-01  4.13460298E+01  7.97031249E-03 -1.58563408E+02  3.72076527E-03 -1.17217378E+02  7.46109548E-03  2.39999923E+01  7.81250000E-06  5.75999639E+02  3.67187500E-04  9.54423865E-03  3.10684928E-09  7.37474154E-01  2.60842255E-04
 -7.80000000E+01  9.32971532E+02  4.71680246E+00 -3.68386929E+03  9.62761833E+00 -3.36601455E+03  7.99140750E+00 -3.11555504E+02  1.56366420E+00 -2.75089776E+03  4.91758137E+00 -9.39321412E+02  2.29390213E-01  4.01588389E+01  9.50229269E-02 -1.58614747E+02  5.75289562E-03 -1.18455908E+02  9.91197419E-02  2.32253377E+01  6.13101016E-02  5.39590888E+02  2.88157361E+00  9.23617654E-03  2.43816007E-05  7.36527998E-01  3.74528271E-04
 -7.90000000E+01  9.15852615E+02  2.33085439E-01 -3.64864755E+03  1.18877857E-01 -3.33682530E+03  9.63800294E-02 -3.05763340E+02  5.42962134E-02 -2.73279494E+03  1.78838302E-01 -9.15803741E+02  1.78880258E-01  3.98198632E+01  1.01294322E-02 -1.58637614E+02  5.10827214E-03 -1.18817751E+02  7.78051895E-03  2.29998886E+01  5.99227919E-05  5.28994986E+02  2.69652563E-03  9.14652066E-03  2.38299005E-08  7.37035081E-01  3.49367128E-04
 -8.00000000E+01  9.16533088E+02  2.08801482E-01 -3.64885374E+03  8.51821309E-02 -3.33686836E+03  7.60380274E-02 -3.05917605E+02  3.89859877E-02 -2.73232065E+03  1.92364930E-01 -8.92320649E+02  1.92364927E-01  3.98492647E+01  9.07832529E-03 -1.58645815E+02  3.70357070E-03 -1.18796550E+02  8.36369231E-03  2.30000000E+01  0.00000000E+00  5.29000000E+02  0.00000000E+00  9.14656497E-03  1.40711154E-17  8.20107770E-01  2.43575229E-04
 -8.10000000E+01  9.15889169E+02  1.98933514E-01 -3.64844907E+03  1.36859727E-01 -3.33655622E+03  1.11301088E-01 -3.05800845E+02  4.77790425E-02 -2.73255990E+03  1.97098238E-01 -8.69621338E+02  1.86402681E-01  3.98225428E+01  8.50849782E-03 -1.58633434E+02  4.15204046E-03 -1.18810892E+02  8.19937386E-03  2.29992415E+01  5.67613244E-04  5.28965866E+02  2.55425960E-02  9.14626332E-03  2.25726585E-07  7.42206443E-01  3.28399288E-04
 -8.20000000E+01  9.15830215E+02  2.27818415E-01 -3.64841838E+03  1.46626228E-01 -3.33659110E+03  1.24414312E-01 -3.05780570E+02  5.21189666E-02 -2.73258816E+03  1.88709079E-01 -8.46690228E+02  1.84987001E-01  3.98208082E+01  9.64819734E-03 -1.58635429E+02  4.40592151E-03 -1.18814621E+02  8.09604758E-03  2.29987553E+01  5.02411208E-04  5.28943987E+02  2.26085043E-02  9.14606997E-03  1.99797252E-07  7.39848016E-01  3.73843175E-04
 -8.30000000E+01  9.15509410E+02  2.03976788E-01 -3.64812962E+03  2.83227064E-01 -3.33636026E+03  2.24648487E-01 -3.05702503E+02  7.54105563E-02 -2.73262021E+03  2.31840413E-01 -8.23811162E+02  1.73935178E-01  3.98086203E+01  8.10010192E-03 -1.58630140E+02  4.17371136E-03 -1.18821520E+02  7.52206912E-03  2.29976994E+01  1.50131601E-03  5.28896472E+02  6.75592204E-02  9.14565007E-03  5.97038457E-07  7.44924005E-01  5.11279164E-04
 -8.40000000E+01  9.14582229E+02  3.56380339E-01 -3.64681082E+03  7.29516110E-01 -3.33532678E+03  5.76464800E-01 -3.05409697E+02  1.56041841E-01 -2.73222860E+03  4.56774545E-01 -8.00965708E+02  1.94287292E-01  3.97791308E+01  1.02518288E-02 -1.58617256E+02  5.30913566E-03 -1.18838125E+02  8.40850886E-03  2.29912249E+01  4.15589533E-03  5.28605128E+02  1.87006861E-01  9.14307530E-03  1.65270291E-06  6.95858013E-01  6.16882890E-04
 -8.50000000E+01  9.15940635E+02  2.20428011E-01 -3.64765844E+03  3.43370991E-01 -3.33607805E+03  2.72559633E-01 -3.05515525E+02  8.13244537E-02 -2.73171781E+03  2.57800407E-01 -7.77321950E+02  1.81705040E-01  3.98353745E+01  8.50671385E-03 -1.58642641E+02  4.02183509E-03 -1.18807267E+02  7.88713248E-03  2.29928924E+01  1.87261381E-03  5.28680173E+02  8.42676077E-02  9.14373846E-03  7.44694957E-07  8.36459720E-01  4.79016210E-04
 -8.60000000E+01  9.14759430E+02  4.92776295E-01 -3.64530700E+03  1.24179848E+00 -3.33414701E+03  1.01031885E+00 -3.05105308E+02  2.33007710E-01 -2.73054757E+03  8.03688202E-01 -7.54042099E+02  2.33163607E-01  3.98010085E+01  1.20916410E-02 -1.58610889E+02  5.89612519E-03 -1.18809880E+02  9.08019624E-03  2.29826217E+01  7.25314215E-03  5.28223323E+02  3.21425602E-01  9.13965402E-03  2.88440593E-06  7.46912363E-01  6.82873392E-04
 -8.70000000E+01  9.13741525E+02  9.53659962E-01 -3.64150156E+03  2.37980039E+00 -3.33111321E+03  1.91677080E+00 -3.04349926E+02  4.55909577E-01 -2.72776003E+03  1.46487386E+00 -7.30416422E+02  3.02645876E-01  3.97977179E+01  1.95776818E-02 -1.58614654E+02  9.34884943E-03 -1.18816936E+02  1.19462386E-02  2.29579725E+01  1.38741811E-02  5.27122436E+02  6.18193599E-01  9.12985162E-03  5.51743913E-06  8.49140930E-01  1.01063647E-03
 -8.80000000E+01  9.12604688E+02  1.32374980E+00 -3.63833731E+03  3.16843096E+00 -3.32859075E+03  2.55834525E+00 -3.03728747E+02  5.99973099E-01 -2.72573262E+03  1.86549502E+00 -7.07210328E+02  2.91809214E-01  3.97811212E+01  2.80766034E-02 -1.58615768E+02  1.15435570E-02 -1.18834647E+02  1.80803584E-02  2.29377533E+01  1.85548505E-02  5.26226638E+02  8.20734118E-01  9.12181091E-03  7.37883244E-06  8.64241346E-01  1.06718203E-03
 -8.90000000E+01  8.97994410E+02  3.56938993E+00 -3.60279812E+03  9.01646952E+00 -3.29989053E+03  7.32512385E+00 -2.97045128E+02  1.65554352E+00 -2.70480371E+03  5.45526236E+00 -6.81896877E+02  7.30479272E-01  3.94885324E+01  6.88043743E-02 -1.58501205E+02  2.69839221E-02 -1.19012672E+02  4.24505055E-02  2.27292902E+01  5.32979076E-02  5.16968457E+02  2.35545362E+00  9.03890999E-03  2.11953381E-05  8.13570193E-01  1.94486708E-03
 -9.00000000E+01  8.76833688E+02  4.51803086E+00 -3.54909117E+03  1.13847422E+01 -3.25636511E+03  9.28599195E+00 -2.87056547E+02  2.05510245E+00 -2.67225748E+03  6.87411837E+00 -6.55013098E+02  8.21361885E-01  3.90837352E+01  8.80014549E-02 -1.58329884E+02  3.33146657E-02 -1.19246148E+02  5.54030293E-02  2.24138265E+01  6.74536912E-02  5.03009682E+02  2.96525116E+00  8.91345741E-03  2.68247640E-05  7.18917800E-01  2.62462137E-03
 -9.10000000E+01  8.63969051E+02  7.26998396E+00 -3.51615046E+03  1.80201492E+01 -3.22918545E+03  1.47743159E+01 -2.81454488E+02  3.17403471E+00 -2.65218141E+03  1.07576765E+01 -6.30480315E+02  1.08702468E+00  3.88381203E+01  1.46425794E-01 -1.58248462E+02  5.49132408E-02 -1.19410342E+02  9.21149331E-02  2.22164955E+01  1.06474184E-01  4.94406271E+02  4.65380765E+00  8.83498346E-03  4.23423062E-05  8.94736140E-01  1.96797636E-03
 -9.20000000E+01  8.33634198E+02  9.21960708E+00 -3.44064400E+03  2.24975197E+01 -3.16655157E+03  1.86368822E+01 -2.68920955E+02  3.77168151E+00 -2.60700980E+03  1.32898499E+01 -6.04138753E+02  1.12534178E+00  3.82186063E+01  1.95039633E-01 -1.58014946E+02  7.38861449E-02 -1.19796340E+02  1.22298774E-01  2.17703374E+01  1.32569309E-01  4.75065002E+02  5.73670570E+00  8.65755677E-03  5.27197307E-05  9.34914923E-01  1.39897363E-03
 -9.30000000E+01  8.00595627E+02  6.45582995E+00 -3.35624805E+03  1.62818652E+01 -3.09751288E+03  1.35477329E+01 -2.53958003E+02  2.65309105E+00 -2.55565242E+03  9.83295197E+00 -5.77980262E+02  7.28882344E-01  3.75921496E+01  1.30039272E-01 -1.57809567E+02  3.92051221E-02 -1.20217417E+02  9.27555233E-02  2.12652920E+01  9.80783619E-02  4.53076023E+02  4.17660458E+00  8.45671196E-03  3.90034832E-05  7.03549996E-01  2.09864606E-03
 -9.40000000E+01  7.65772025E+02  5.98569286E+00 -3.27023410E+03  1.51338475E+01 -3.02544433E+03  1.26567174E+01 -2.40448245E+02  2.40854976E+00 -2.50446208E+03  9.16098464E+00 -5.54048867E+02  6.11062747E-01  3.68622777E+01  1.22928445E-01 -1.57595266E+02  3.94950280E-02 -1.20732988E+02  8.65859430E-02  2.07490767E+01  9.11477777E-02  4.31187485E+02  3.85071574E+00  8.25142514E-03  3.62473511E-05  7.09004768E-01  1.92443404E-03
 -9.50000000E+01  7.34531488E+02  3.81993144E+00 -3.19406076E+03  9.68084242E+00 -2.96107622E+03  8.19227271E+00 -2.29022721E+02  1.44950268E+00 -2.45952927E+03  5.91640544E+00 -5.31226442E+02  3.51076893E-01  3.61664285E+01  8.41406065E-02 -1.57353019E+02  3.53764999E-02 -1.21186591E+02  5.95589588E-02  2.02979245E+01  5.90786770E-02  4.12307032E+02  2.44791563E+00  8.07201239E-03  2.34942157E-05  8.79301276E-01  1.91637329E-03
 -9.60000000E+01  7.32221770E+02  3.30999423E+00 -3.18547410E+03  8.48974745E+00 -2.95421889E+03  7.15810898E+00 -2.27341138E+02  1.28984691E+00 -2.45325233E+03  5.20694089E+00 -5.10685586E+02  2.28614165E-01  3.61710550E+01  6.96110412E-02 -1.57419902E+02  2.27925282E-02 -1.21248847E+02  5.41577327E-02  2.02350703E+01  5.22612012E-02  4.09680569E+02  2.15756038E+00  8.04701673E-03  2.07830641E-05  7.20813396E-01  2.46202948E-03
 -9.70000000E+01  7.24316401E+02  2.26309791E+00 -3.16675284E+03  5.72133420E+00 -2.93807468E+03  4.85425516E+00 -2.24852584E+02  8.51510084E-01 -2.44243643E+03  3.53391982E+00 -4.90028987E+02  1.87309539E-01  3.59766976E+01  5.37591570E-02 -1.57329153E+02  2.96606392E-02 -1.21352456E+02  3.60984804E-02  2.01279118E+01  3.52351575E-02  4.05261698E+02  1.45153390E+00  8.00440231E-03  1.40122026E-05  8.31180521E-01  2.10221245E-03
 -9.80000000E+01  7.21595957E+02  1.26507796E+00 -3.15840226E+03  3.38179326E+00 -2.93115615E+03  2.84616050E+00 -2.23483745E+02  5.34650023E-01 -2.43680630E+03  2.21631484E+00 -4.69776899E+02  1.77524184E-01  3.59459583E+01  3.20918966E-02 -1.57354499E+02  2.23958758E-02 -1.21408541E+02  2.10993100E-02  2.00717286E+01  2.16246412E-02  4.02944861E+02  8.86646320E-01  7.98205953E-03  8.59961680E-06  7.05519598E-01  2.38702916E-03
 -9.90000000E+01  7.20250451E+02  1.24541112E+00 -3.15656945E+03  2.79650956E+00 -2.92946300E+03  2.39817717E+00 -2.23357659E+02  4.16079431E-01 -2.43631900E+03  1.72502479E+00 -4.49866761E+02  1.62204529E-01  3.58899485E+01  4.13464379E-02 -1.57314119E+02  3.21852646E-02 -1.21424170E+02  1.89168536E-02  2.00651741E+01  1.71005046E-02  4.02687239E+02  7.00556082E-01  7.97945298E-03  6.80047293E-06  7.28866865E-01  2.45560413E-03
 -1.00000000E+02  7.18539783E+02  5.00506124E-01 -3.14881436E+03  9.17036864E-01 -2.92328938E+03  8.12491412E-01 -2.21794363E+02  1.22438433E-01 -2.43027458E+03  5.75435283E-01 -4.29656816E+02  1.47760212E-01  3.59150917E+01  2.03947859E-02 -1.57391836E+02  1.61671038E-02 -1.21476744E+02  8.34044251E-03  2.00061776E+01  5.14612348E-03  4.00258588E+02  2.09985555E-01  7.95599145E-03  2.04649360E-06  7.39137657E-01  1.40232758E-03
 -1.01000000E+02  7.17392059E+02  8.66277638E-01 -3.14704097E+03  8.82066212E-01 -2.92165943E+03  9.30088135E-01 -2.21684347E+02  9.78677124E-02 -2.42964891E+03  4.06491780E-01 -4.09741802E+02  1.77942763E-01  3.58702388E+01  4.22838692E-02 -1.57358870E+02  3.80987466E-02 -1.21488631E+02  9.44584958E-03  1.99990803E+01  3.60137426E-03  3.99976272E+02  1.44950271E-01  7.95316900E-03  1.43218276E-06  7.37460942E-01  2.90496534E-03
 -1.02000000E+02  7.17258950E+02  7.85622280E-01 -3.14559382E+03  1.28905367E+00 -2.92061170E+03  1.17531776E+00 -2.21281854E+02  1.47691762E-01 -2.42833487E+03  5.97608401E-01 -3.89390804E+02  1.70302868E-01  3.58802883E+01  3.15623200E-02 -1.57360487E+02  2.52136273E-02 -1.21480198E+02  1.03513842E-02  1.99896477E+01  5.64466731E-03  3.99599505E+02  2.19980623E-01  7.94941789E-03  2.24475284E-06  9.15918496E-01  1.23638966E-03
 -1.03000000E+02  7.03533573E+02  2.15386707E+00 -3.12047185E+03  4.61974007E+00 -2.89769969E+03  4.05324840E+00 -2.19117036E+02  6.19890984E-01 -2.41693827E+03  2.66629541E+00 -3.69494860E+02  2.49016236E-01  3.53827912E+01  7.37736856E-02 -1.56975461E+02  5.45224311E-02 -1.21592670E+02  2.29756015E-02  1.98780914E+01  2.49511410E-02  3.95254545E+02  9.72816030E-01  7.90505453E-03  9.92248815E-06  9.14852069E-01  2.48227485E-03
 -1.04000000E+02  7.11502828E+02  1.84636510E+00 -3.13306023E+03  4.02932275E+00 -2.90968847E+03  3.52850625E+00 -2.19727014E+02  5.00923013E-01 -2.42155741E+03  2.23631002E+00 -3.49656823E+02  1.70833965E-01  3.57068942E+01  5.86399660E-02 -1.57261343E+02  4.07163072E-02 -1.21554449E+02  1.98091848E-02  1.99221210E+01  2.12378926E-02  3.96967757E+02  8.27996013E-01  7.92256408E-03  8.44581567E-06  8.04945569E-01  3.46740472E-03
 -1.05000000E+02  7.10307669E+02  2.51217180E+00 -3.12720017E+03  5.87793069E+00 -2.90476333E+03  5.08630761E+00 -2.18784890E+02  7.74661253E-01 -2.41689250E+03  3.40065678E+00 -3.29425263E+02  1.90840067E-01  3.57177259E+01  7.23529766E-02 -1.57292731E+02  4.40080304E-02 -1.21575005E+02  2.99889267E-02  1.98806404E+01  3.23827702E-02  3.95360575E+02  1.25821615E+00  7.90606820E-03  1.28778742E-05  7.81176096E-01  3.73444143E-03
 -1.06000000E+02  6.92026070E+02  3.59751299E+00 -3.08235500E+03  8.67836311E+00 -2.86614237E+03  7.50474970E+00 -2.12748223E+02  1.14714647E+00 -2.39032893E+03  5.09516359E+00 -3.09341365E+02  1.87190745E-01  3.52256092E+01  9.88102953E-02 -1.56993119E+02  5.81243345E-02 -1.21767510E+02  4.17281993E-02  1.96319582E+01  4.82498001E-02  3.85682967E+02  1.87609055E+00  7.80717308E-03  1.91878227E-05  7.76940521E-01  5.31254192E-03
 -1.07000000E+02  6.68028251E+02  4.05584584E+00 -3.02026649E+03  1.05352936E+01 -2.81274546E+03  9.05811365E+00 -2.04217686E+02  1.44769516E+00 -2.35223824E+03  6.52360142E+00 -2.89503047E+02  2.33293718E-01  3.46198203E+01  1.03935407E-01 -1.56652687E+02  5.93252415E-02 -1.22032866E+02  4.55411955E-02  1.92778990E+01  6.03666761E-02  3.72049049E+02  2.31017483E+00  7.66637198E-03  2.40064225E-05  8.72393612E-01  3.11939913E-03
 -1.08000000E+02  6.31004954E+02  5.25431697E+00 -2.91182861E+03  1.59898292E+01 -2.72000035E+03  1.36425185E+01 -1.88889083E+02  2.29633690E+00 -2.28082365E+03  1.07920042E+01 -2.69023387E+02  3.40703435E-01  3.38172104E+01  1.10973344E-01 -1.56296329E+02  4.77770812E-02 -1.22479119E+02  6.90138915E-02  1.86277802E+01  9.78725082E-02  3.48019102E+02  3.55163160E+00  7.40783488E-03  3.89216198E-05  8.77720709E-01  2.46397182E-03
 -1.09000000E+02  5.81697717E+02  6.61949823E+00 -2.75058454E+03  2.12201233E+01 -2.58234710E+03  1.81318163E+01 -1.65884040E+02  3.01229254E+00 -2.16888682E+03  1.46140988E+01 -2.48084974E+02  2.57795979E-01  3.29185983E+01  1.26615853E-01 -1.56068196E+02  3.60451183E-02 -1.23149598E+02  9.61798542E-02  1.76220353E+01  1.32419004E-01  3.12287927E+02  4.69547244E+00  7.00787352E-03  5.26599579E-05  8.50230499E-01  1.95063671E-03
 -1.10000000E+02  5.31370001E+02  4.34081985E+00 -2.58545671E+03  1.39874534E+01 -2.44101098E+03  1.19764431E+01 -1.42678820E+02  1.96222484E+00 -2.05408671E+03  9.65272945E+00 -2.30750002E+02  1.41193121E-01  3.19967617E+01  8.22445057E-02 -1.55966839E+02  1.96511836E-02 -1.23970078E+02  6.46350155E-02  1.65757882E+01  8.75007918E-02  2.75819376E+02  3.08444619E+00  6.59180539E-03  3.47970296E-05  7.24589564E-01  1.45041428E-03
 -1.11000000E+02  5.09051441E+02  7.62747662E-01 -2.51200069E+03  2.48036995E+00 -2.37793612E+03  2.13335752E+00 -1.32570154E+02  3.38509377E-01 -2.00294925E+03  1.73047591E+00 -2.14523439E+02  1.26172371E-01  3.15875833E+01  1.58186841E-02 -1.55909756E+02  4.21744436E-03 -1.24322173E+02  1.71172449E-02  1.61119442E+01  1.61163777E-02  2.59733356E+02  5.43951483E-01  6.40734541E-03  6.40910855E-06  8.35312581E-01  9.00371509E-04
 -1.12000000E+02  5.05360064E+02  2.57583700E-01 -2.49940701E+03  8.04961876E-01 -2.36704219E+03  6.95214075E-01 -1.30935017E+02  1.07737892E-01 -1.99404695E+03  5.89222129E-01 -1.98499816E+02  1.20257473E-01  3.15208739E+01  8.27300733E-03 -1.55904567E+02  4.93762258E-03 -1.24383693E+02  8.92273493E-03  1.60316708E+01  5.26851408E-03  2.57049359E+02  1.74980922E-01  6.37542254E-03  2.09516550E-06  8.83723874E-01  4.70094960E-04
 -1.13000000E+02  5.04648728E+02  2.02271581E-01 -2.49648658E+03  5.16322730E-01 -2.36451218E+03  4.47489694E-01 -1.30544253E+02  6.61377507E-02 -1.99183785E+03  3.78912064E-01 -1.82397895E+02  1.10769735E-01  3.15147990E+01  8.58856395E-03 -1.55906382E+02  4.55344341E-03 -1.24391583E+02  7.40842309E-03  1.60127430E+01  3.34873301E-03  2.56422192E+02  1.10522812E-01  6.36789539E-03  1.33171323E-06  8.87381241E-01  3.92565847E-04
 -1.14000000E+02  5.04264277E+02  1.53013210E-01 -2.49518758E+03  3.10577558E-01 -2.36335034E+03  2.72450941E-01 -1.30420606E+02  3.90936810E-02 -1.99092330E+03  2.60758593E-01 -1.66305701E+02  1.28944337E-01  3.15055888E+01  8.21333124E-03 -1.55896487E+02  4.22002226E-03 -1.24390898E+02  7.97080779E-03  1.60054175E+01  1.89412118E-03  2.56178778E+02  6.25059988E-02  6.36498223E-03  7.53247935E-07  9.27214734E-01  2.92340024E-04
 -1.15000000E+02  5.03622827E+02  1.30035804E-01 -2.49498757E+03  1.97119831E-01 -2.36324198E+03  1.73515711E-01 -1.30332724E+02  2.63958017E-02 -1.99136474E+03  1.57457978E-01 -1.51029424E+02  1.11283664E-01  3.14705302E+01  7.69236396E-03 -1.55908341E+02  4.58015917E-03 -1.24437811E+02  6.99898313E-03  1.60029158E+01  1.32220933E-03  2.56096229E+02  4.36325859E-02  6.36398735E-03  5.25811896E-07  7.70896838E-01  4.19492237E-04
 -1.16000000E+02  5.03507812E+02  1.37412448E-01 -2.49494218E+03  1.33646841E-01 -2.36322834E+03  1.19262028E-01 -1.30300388E+02  1.93797709E-02 -1.99143437E+03  1.48560911E-01 -1.35224164E+02  1.20062013E-01  3.14655721E+01  8.37519116E-03 -1.55916255E+02  4.10679896E-03 -1.24450683E+02  7.52373419E-03  1.60018121E+01  8.09292009E-04  2.56059868E+02  2.67046740E-02  6.36354843E-03  3.21836608E-07  6.81179865E-01  3.57837200E-04
 -1.17000000E+02  5.03793907E+02  1.45543288E-01 -2.49462604E+03  7.41621388E-02 -2.36292301E+03  7.42010610E-02 -1.30287680E+02  1.05726318E-02 -1.99083214E+03  1.25116936E-01 -1.18808556E+02  1.28007776E-01  3.14867047E+01  8.99785985E-03 -1.55912162E+02  4.10382109E-03 -1.24425457E+02  8.02382835E-03  1.60002015E+01  2.48525779E-04  2.56006863E+02  8.19116118E-03  6.36290795E-03  9.88329216E-08  8.01450813E-01  3.09468503E-04
 -1.18000000E+02  5.03946473E+02  1.43378109E-01 -2.49416420E+03  9.20778091E-02 -2.36247719E+03  9.23303469E-02 -1.30291866E+02  9.83883759E-03 -1.99021773E+03  1.30400665E-01 -1.02233133E+02  1.30172966E-01  3.14969106E+01  8.96008593E-03 -1.55886529E+02  5.86540261E-03 -1.24389619E+02  8.13531496E-03  1.59998695E+01  4.51407441E-05  2.55995964E+02  1.39039329E-03  6.36277589E-03  1.79514235E-08  8.77722950E-01  2.63113722E-04
 -1.19000000E+02  5.03975341E+02  1.54417965E-01 -2.49426724E+03  9.00617468E-02 -2.36255468E+03  8.84735829E-02 -1.30292602E+02  9.76507624E-03 -1.99029190E+03  1.35686227E-01 -8.63425257E+01  1.35242671E-01  3.14992765E+01  9.63384491E-03 -1.55895815E+02  5.58733569E-03 -1.24396539E+02  8.45322400E-03  1.59995746E+01  8.46745572E-05  2.55986830E+02  2.61862923E-03  6.36265861E-03  3.36731010E-08  8.90441411E-01  2.60146276E-04
 -1.20000000E+02  5.04264286E+02  1.65774531E-01 -2.49390678E+03  1.80645216E-01 -2.36221272E+03  1.67352509E-01 -1.30284970E+02  1.96853392E-02 -1.98964249E+03  1.80154305E-01 -6.99118822E+01  1.51003287E-01  3.15207066E+01  1.03661358E-02 -1.55890822E+02  5.73439894E-03 -1.24370115E+02  9.44528469E-03  1.59977551E+01  8.44963552E-04  2.55930841E+02  2.57907526E-02  6.36193506E-03  3.36022345E-07  9.38088542E-01  2.41126660E-04
 -1.21000000E+02  5.03580140E+02  1.50904944E-01 -2.49353440E+03  1.21985149E-01 -2.36188667E+03  1.19052778E-01 -1.30227241E+02  1.41461814E-02 -1.98995426E+03  1.63005402E-01 -5.44640809E+01  1.46186371E-01  3.14817970E+01  9.33987045E-03 -1.55886679E+02  5.18428664E-03 -1.24404882E+02  9.12464651E-03  1.59957866E+01  4.43061409E-04  2.55869516E+02  1.36675059E-02  6.36115224E-03  1.76195213E-07  8.83475092E-01  3.31381241E-04
 -1.22000000E+02  5.03668509E+02  1.63638861E-01 -2.49220949E+03  2.15184568E-01 -2.36066401E+03  1.97627954E-01 -1.30130496E+02  2.18604446E-02 -1.98854098E+03  1.99471631E-01 -3.80003523E+01  1.37694397E-01  3.15020409E+01  9.77531438E-03 -1.55878865E+02  5.28138829E-03 -1.24376824E+02  8.60621507E-03  1.59880379E+01  1.11551402E-03  2.55630626E+02  3.40765427E-02  6.35807075E-03  4.43613969E-07  9.19117258E-01  2.95368928E-04
 -1.23000000E+02  5.02762570E+02  1.88535921E-01 -2.48953518E+03  3.56211554E-01 -2.35826127E+03  3.24259509E-01 -1.29837762E+02  3.43434587E-02 -1.98677261E+03  2.81199724E-01 -2.21231078E+01  1.38300737E-01  3.14748212E+01  1.04270622E-02 -1.55859351E+02  5.98240547E-03 -1.24384530E+02  8.65922860E-03  1.59727602E+01  1.95713132E-03  2.55162941E+02  5.89010756E-02  6.35199516E-03  7.78305592E-07  9.12121585E-01  4.23196078E-04
 -1.24000000E+02  4.82152856E+02  6.76950168E+00 -2.39585181E+03  3.02414133E+01 -2.27187799E+03  2.80066302E+01 -1.22603148E+02  2.23322529E+00 -1.91369895E+03  2.34844515E+01 -4.36349945E+00  3.35783949E-01             NAN             NAN             NAN             NAN             NAN             NAN  1.53978666E+01  1.87871176E-01  2.41774564E+02  4.14134655E+00  6.12337334E-03  7.47119963E-05  9.63266470E-01  3.76928985E-03
 -1.25000000E+02  2.33411381E+01  6.26187867E-01 -1.47874155E+02  3.63988678E+00 -1.46987511E+02  3.58456893E+00 -8.38737659E-01  5.94728223E-02 -1.24533017E+02  3.01497940E+00  1.32095347E+00  5.94311319E-02             NAN             NAN             NAN             NAN             NAN             NAN  1.00683177E+00  2.45265618E-02  2.68861578E+00  1.41841567E-01  4.00393572E-04  9.75364307E-06  6.86990816E-01  7.54316308E-04
